Layer #: 350
----------------------------------------
Depth (m)       Area (m^2)
       0.0       6861600
       0.2       6861600
       0.3       6861600
       0.4       6861600
       0.5       6861600
       0.6       6861600
       0.7       6861600
       0.8       6861600
       0.9       6861600
       1.0       6861600
       1.1       6861600
       1.2       6861600
       1.3       6861600
       1.4       6861600
       1.5       6861600
       1.6       6861600
       1.7       6861600
       1.8       6861600
       1.9       6861600
       2.0       6861600
       2.1       6861600
       2.2       6861600
       2.3       6861600
       2.4       6861600
       2.5       6861600
       2.6       6861600
       2.7       6861600
       2.8       6861600
       2.9       6789600
       3.0       6728400
       3.1       6663600
       3.2       6598800
       3.3       6538500
       3.4       6472800
       3.5       6430500
       3.6       6368400
       3.7       6318900
       3.8       6266700
       3.9       6206400
       4.0       6164100
       4.1       6109200
       4.2       6057000
       4.3       6004800
       4.4       5958000
       4.5       5902200
       4.6       5856300
       4.7       5812200
       4.8       5764500
       4.9       5723100
       5.0       5686200
       5.1       5644800
       5.2       5611500
       5.3       5548500
       5.4       5506200
       5.5       5454900
       5.6       5415300
       5.7       5379300
       5.8       5331600
       5.9       5283000
       6.0       5257800
       6.1       5225400
       6.2       5185800
       6.3       5152500
       6.4       5114700
       6.5       5060700
       6.6       5028300
       6.7       5003100
       6.8       4967100
       6.9       4939200
       7.0       4916700
       7.1       4887900
       7.2       4852800
       7.3       4826700
       7.4       4793400
       7.5       4767300
       7.6       4734000
       7.7       4700700
       7.8       4671900
       7.9       4636800
       8.0       4599900
       8.1       4555800
       8.2       4524300
       8.3       4478400
       8.4       4437900
       8.5       4415400
       8.6       4388400
       8.7       4364100
       8.8       4331700
       8.9       4197600
       9.0       4169700
       9.1       4144500
       9.2       4121100
       9.3       4098600
       9.4       4080600
       9.5       4050000
       9.6       4032900
       9.7       4012200
       9.8       3993300
       9.9       3974400
      10.0       3948300
      10.1       3938400
      10.2       3916800
      10.3       3894300
      10.4       3872700
      10.5       3853800
      10.6       3834000
      10.7       3820500
      10.8       3793500
      10.9       3773700
      11.0       3753900
      11.1       3734100
      11.2       3714300
      11.3       3691800
      11.4       3663900
      11.5       3640500
      11.6       3613500
      11.7       3599100
      11.8       3581100
      11.9       3561300
      12.0       3537900
      12.1       3513600
      12.2       3497400
      12.3       3473100
      12.4       3456000
      12.5       3433500
      12.6       3413700
      12.7       3393000
      12.8       3373200
      12.9       3357000
      13.0       3339900
      13.1       3322800
      13.2       3301200
      13.3       3277800
      13.4       3258000
      13.5       3241800
      13.6       3219300
      13.7       3200400
      13.8       3181500
      13.9       3163500
      14.0       3145500
      14.1       3120300
      14.2       3088800
      14.3       3061800
      14.4       3036600
      14.5       3012300
      14.6       2983500
      14.7       2958300
      14.8       2934000
      14.9       2915100
      15.0       2666700
      15.1       2646900
      15.2       2629800
      15.3       2602800
      15.4       2582100
      15.5       2564100
      15.6       2544300
      15.7       2517300
      15.8       2507400
      15.9       2489400
      16.0       2470500
      16.1       2448900
      16.2       2435400
      16.3       2418300
      16.4       2403000
      16.5       2384100
      16.6       2368800
      16.7       2347200
      16.8       2335500
      16.9       2316600
      17.0       2301300
      17.1       2286000
      17.2       2268900
      17.3       2251800
      17.4       2226600
      17.5       2211300
      17.6       2192400
      17.7       2170800
      17.8       2154600
      17.9       2142000
      18.0       2131200
      18.1       2113200
      18.2       2104200
      18.3       2089800
      18.4       2075400
      18.5       2057400
      18.6       2039400
      18.7       2026800
      18.8       2007900
      18.9       1995300
      19.0       1973700
      19.1       1950300
      19.2       1929600
      19.3       1914300
      19.4       1896300
      19.5       1887300
      19.6       1865700
      19.7       1854900
      19.8       1838700
      19.9       1818900
      20.0       1801800
      20.1       1773900
      20.2       1747800
      20.3       1724400
      20.4       1702800
      20.5       1680300
      20.6       1654200
      20.7       1627200
      20.8       1607400
      20.9       1584000
      21.0       1563300
      21.1       1335600
      21.2       1324800
      21.3       1316700
      21.4       1304100
      21.5       1290600
      21.6       1278900
      21.7       1269000
      21.8       1256400
      21.9       1246500
      22.0       1238400
      22.1       1224000
      22.2       1205100
      22.3       1197000
      22.4       1187100
      22.5       1177200
      22.6       1164600
      22.7       1155600
      22.8       1142100
      22.9       1136700
      23.0       1125000
      23.1       1113300
      23.2       1100700
      23.3       1089000
      23.4       1078200
      23.5       1070100
      23.6       1061100
      23.7       1051200
      23.8       1044900
      23.9       1032300
      24.0       1022400
      24.1       1009800
      24.2        991800
      24.3        981000
      24.4        971100
      24.5        962100
      24.6        949500
      24.7        935100
      24.8        925200
      24.9        909900
      25.0        900000
      25.1        882900
      25.2        869400
      25.3        854100
      25.4        837900
      25.5        828000
      25.6        818100
      25.7        804600
      25.8        796500
      25.9        790200
      26.0        783900
      26.1        770400
      26.2        756900
      26.3        742500
      26.4        724500
      26.5        709200
      26.6        696600
      26.7        681300
      26.8        662400
      26.9        648000
      27.0        636300
      27.1        618300
      27.2        296100
      27.3        289800
      27.4        282600
      27.5        278100
      27.6        269100
      27.7        263700
      27.8        256500
      27.9        251100
      28.0        245700
      28.1        243000
      28.2        240300
      28.3        235800
      28.4        231300
      28.5        224100
      28.6        221400
      28.7        221400
      28.8        219600
      28.9        216000
      29.0        216000
      29.1        211500
      29.2        208800
      29.3        205200
      29.4        203400
      29.5        199800
      29.6        196200
      29.7        193500
      29.8        190800
      29.9        187200
      30.0        184500
      30.1        182700
      30.2        179100
      30.3        179100
      30.4        177300
      30.5        171000
      30.6        169200
      30.7        164700
      30.8        163800
      30.9        162900
      31.0        160200
      31.1        160200
      31.2        157500
      31.3        153900
      31.4        153000
      31.5        149400
      31.6        148500
      31.7        144000
      31.8        143100
      31.9        141300
      32.0        137700
      32.1        134100
      32.2        131400
      32.3        129600
      32.4        126900
      32.5        122400
      32.6        120600
      32.7        118800
      32.8        115200
      32.9        110700
      33.0        108000
      33.1        102600
      33.2         99900
      33.3         17100
      33.4         14400
      33.5         13500
      33.6          7200
      33.7          6300
      33.8          4500
      33.9          4500
      34.0          2700
      34.1          1800
      34.2          1800
      34.3           900
      34.4           900
      34.5           900
      34.6           900
      34.7           900
      34.8           900
      34.9           900
      35.0             0
