Observation #: 703
-----------------------------------------------------------
    Time(YYYYMMDD)     Depth(m) Value(celsius)    Std(%)
           20040907        0.914        18.7778      10.0
           20040907        1.524        18.7778      10.0
           20040907        3.048        18.7778      10.0
           20040907        6.096        18.7778      10.0
           20040907        9.144        17.2778      10.0
           20040907       12.192         9.3889      10.0
           20040907       15.240         7.3889      10.0
           20040907       18.288         6.3889      10.0
           20040907       21.336         5.9444      10.0
           20040907       24.384         5.8889      10.0
           20040907       25.908         5.8889      10.0
           20050207        1.524         1.4444      10.0
           20050207        3.048         1.5556      10.0
           20050207        6.096         1.7222      10.0
           20050207        9.144         1.7778      10.0
           20050207       12.192         1.9444      10.0
           20050207       15.240         2.0000      10.0
           20050207       18.288         2.1111      10.0
           20050531        0.914        14.7778      10.0
           20050531        1.524        14.6111      10.0
           20050531        3.048        14.4444      10.0
           20050531        6.096        12.8889      10.0
           20050531        9.144         9.1111      10.0
           20050531       12.192         7.5556      10.0
           20050531       15.240         6.3889      10.0
           20050531       18.288         6.1111      10.0
           20050531       21.336         5.8889      10.0
           20050531       24.384         5.7222      10.0
           20050531       25.908         5.5556      10.0
           20050629        0.914        22.4444      10.0
           20050629        1.524        22.1667      10.0
           20050629        3.048        21.9444      10.0
           20050629        6.096        17.7778      10.0
           20050629        9.144        10.4444      10.0
           20050629       12.192         8.2778      10.0
           20050629       15.240         7.0556      10.0
           20050629       18.288         6.2778      10.0
           20050629       21.336         5.9444      10.0
           20050629       24.384         5.8889      10.0
           20050629       25.908         5.7222      10.0
           20050719        0.914        25.4444      10.0
           20050719        1.524        25.3333      10.0
           20050719        3.048        25.0556      10.0
           20050719        6.096        22.1667      10.0
           20050719        9.144        11.6667      10.0
           20050719       12.192         8.8889      10.0
           20050719       15.240         7.6667      10.0
           20050719       18.288         6.7778      10.0
           20050719       21.336         6.1667      10.0
           20050719       24.384         6.0000      10.0
           20050719       25.908         5.8889      10.0
           20050824        0.914        21.1667      10.0
           20050824        1.524        21.1667      10.0
           20050824        3.048        21.0000      10.0
           20050824        6.096        20.8889      10.0
           20050824        9.144        14.7778      10.0
           20050824       12.192         9.6667      10.0
           20050824       15.240         7.8333      10.0
           20050824       18.288         6.9444      10.0
           20050824       21.336         6.2778      10.0
           20050824       24.384         6.3889      10.0
           20050824       25.908         6.4444      10.0
           20050909        0.914        20.3889      10.0
           20050909        1.524        20.2778      10.0
           20050909        3.048        20.1667      10.0
           20050909        6.096        19.8889      10.0
           20050909        9.144        17.1111      10.0
           20050909       12.192         9.8333      10.0
           20050909       15.240         7.8333      10.0
           20050909       18.288         6.8889      10.0
           20050909       21.336         6.3333      10.0
           20050909       24.384         6.1111      10.0
           20050909       25.908         6.1111      10.0
           20050921        0.914        20.3333      10.0
           20050921        1.524        20.1667      10.0
           20050921        3.048        19.8889      10.0
           20050921        6.096        19.7778      10.0
           20050921        9.144        18.3889      10.0
           20050921       12.192        10.1111      10.0
           20050921       15.240         8.1111      10.0
           20050921       18.288         6.7222      10.0
           20050921       21.336         6.3889      10.0
           20050921       24.384         6.1667      10.0
           20050921       25.908         6.1667      10.0
           20051010        0.914        15.0556      10.0
           20051010        1.524        15.0000      10.0
           20051010        3.048        14.8333      10.0
           20051010        6.096        14.7778      10.0
           20051010        9.144        14.6667      10.0
           20051010       12.192        12.3333      10.0
           20051010       15.240         8.1667      10.0
           20051010       18.288         7.2222      10.0
           20051010       21.336         6.5556      10.0
           20051010       24.384         6.2778      10.0
           20051010       25.908         6.2222      10.0
           20060502        0.914         8.8889      10.0
           20060502        1.524         8.8333      10.0
           20060502        3.048         8.7222      10.0
           20060502        6.096         8.3889      10.0
           20060502        9.144         7.3889      10.0
           20060502       12.192         7.1111      10.0
           20060502       15.240         6.6111      10.0
           20060502       18.288         6.1667      10.0
           20060502       21.336         5.4444      10.0
           20060502       24.384         5.2778      10.0
           20060502       25.908         5.2222      10.0
           20060613        0.914        19.2778      10.0
           20060613        1.524        19.1111      10.0
           20060613        3.048        18.7778      10.0
           20060613        6.096        13.7222      10.0
           20060613        9.144        11.2222      10.0
           20060613       12.192         9.7222      10.0
           20060613       15.240         8.0000      10.0
           20060613       18.288         6.6667      10.0
           20060613       21.336         6.1111      10.0
           20060613       24.384         6.0000      10.0
           20060613       25.908         5.8889      10.0
           20060724        0.914        23.9444      10.0
           20060724        1.524        23.8889      10.0
           20060724        3.048        23.8889      10.0
           20060724        6.096        23.6111      10.0
           20060724        9.144        13.6111      10.0
           20060724       12.192        10.6111      10.0
           20060724       15.240         8.8333      10.0
           20060724       18.288         7.0556      10.0
           20060724       21.336         6.5000      10.0
           20060724       24.384         6.2778      10.0
           20060724       25.908         6.2222      10.0
           20060822        0.914        22.2778      10.0
           20060822        1.524        22.2778      10.0
           20060822        3.048        22.2222      10.0
           20060822        6.096        22.0000      10.0
           20060822        9.144        15.7222      10.0
           20060822       12.192        11.3889      10.0
           20060822       15.240         8.7222      10.0
           20060822       18.288         7.1667      10.0
           20060822       21.336         6.6111      10.0
           20060822       24.384         6.5556      10.0
           20060822       25.908         6.5000      10.0
           20060927        0.914        14.5000      10.0
           20060927        1.524        14.6111      10.0
           20060927        3.048        14.6667      10.0
           20060927        6.096        14.5556      10.0
           20060927        9.144        14.5556      10.0
           20060927       12.192        13.5000      10.0
           20060927       15.240         9.1667      10.0
           20060927       18.288         7.4444      10.0
           20060927       21.336         6.6111      10.0
           20060927       24.384         6.3889      10.0
           20060927       25.908         6.3889      10.0
           20061010        0.914        13.1111      10.0
           20061010        1.524        13.1111      10.0
           20061010        3.048        13.0556      10.0
           20061010        6.096        12.9444      10.0
           20061010        9.144        12.9444      10.0
           20061010       12.192        12.8889      10.0
           20061010       15.240        11.0556      10.0
           20061010       18.288         7.9444      10.0
           20061010       21.336         7.0000      10.0
           20061010       24.384         6.6111      10.0
           20061010       25.908         6.5000      10.0
           20070508        0.914         9.5000      10.0
           20070508        1.524         9.3333      10.0
           20070508        3.048         9.2778      10.0
           20070508        6.096         8.6667      10.0
           20070508        9.144         8.3889      10.0
           20070508       12.192         7.1667      10.0
           20070508       15.240         5.8333      10.0
           20070508       18.288         5.3889      10.0
           20070508       21.336         5.1111      10.0
           20070508       24.384         4.8333      10.0
           20070508       25.908         4.8333      10.0
           20070610        0.914        18.0556      10.0
           20070610        1.524        17.7778      10.0
           20070610        3.048        17.3889      10.0
           20070610        6.096        17.0556      10.0
           20070610        9.144        11.2222      10.0
           20070610       12.192         8.4444      10.0
           20070610       15.240         6.7778      10.0
           20070610       18.288         6.0000      10.0
           20070610       21.336         5.6667      10.0
           20070610       24.384         5.3333      10.0
           20070610       25.908         5.3333      10.0
           20070716        0.914        21.0000      10.0
           20070716        1.524        20.8333      10.0
           20070716        3.048        20.7222      10.0
           20070716        6.096        20.6111      10.0
           20070716        9.144        16.0556      10.0
           20070716       12.192         9.6111      10.0
           20070716       15.240         7.6111      10.0
           20070716       18.288         6.2778      10.0
           20070716       21.336         5.7222      10.0
           20070716       24.384         5.6111      10.0
           20070716       25.908         5.5556      10.0
           20070804        0.914        24.0556      10.0
           20070804        1.524        24.0556      10.0
           20070804        3.048        24.0000      10.0
           20070804        6.096        23.8333      10.0
           20070804        9.144        16.9444      10.0
           20070804       12.192        10.0556      10.0
           20070804       15.240         7.7222      10.0
           20070804       18.288         6.6111      10.0
           20070804       21.336         5.9444      10.0
           20070804       24.384         5.8333      10.0
           20070804       25.908         5.6667      10.0
           20070926        0.914        16.9444      10.0
           20070926        1.524        16.9444      10.0
           20070926        3.048        16.8333      10.0
           20070926        6.096        16.5000      10.0
           20070926        9.144        16.2222      10.0
           20070926       12.192        14.7778      10.0
           20070926       15.240         8.7222      10.0
           20070926       18.288         6.9444      10.0
           20070926       21.336         6.1667      10.0
           20070926       24.384         6.0556      10.0
           20070926       25.908         6.0000      10.0
           20080625        0.914        19.4444      10.0
           20080625        1.524        19.3889      10.0
           20080625        3.048        19.3333      10.0
           20080625        6.096        17.9444      10.0
           20080625        9.144        12.5556      10.0
           20080625       12.192         8.6111      10.0
           20080625       15.240         6.7778      10.0
           20080625       18.288         5.9444      10.0
           20080625       21.336         5.5556      10.0
           20080625       24.384         5.4444      10.0
           20080625       25.908         5.3889      10.0
           20080716        0.914        22.1667      10.0
           20080716        1.524        22.1667      10.0
           20080716        3.048        22.0556      10.0
           20080716        6.096        20.8333      10.0
           20080716        9.144        15.8333      10.0
           20080716       12.192         9.0000      10.0
           20080716       15.240         7.2222      10.0
           20080716       18.288         6.1111      10.0
           20080716       21.336         5.7778      10.0
           20080716       24.384         5.6667      10.0
           20080716       25.908         5.6111      10.0
           20080820        0.914        21.8889      10.0
           20080820        1.524        21.8333      10.0
           20080820        3.048        21.7778      10.0
           20080820        6.096        21.6667      10.0
           20080820        9.144        18.6111      10.0
           20080820       12.192        10.0000      10.0
           20080820       15.240         7.7778      10.0
           20080820       18.288         6.3889      10.0
           20080820       21.336         5.8333      10.0
           20080820       24.384         5.6667      10.0
           20080820       25.908         5.6667      10.0
           20090616        0.914        17.3333      10.0
           20090616        1.524        17.3333      10.0
           20090616        3.048        16.2778      10.0
           20090616        6.096        14.6667      10.0
           20090616        9.144        12.8889      10.0
           20090616       12.192         9.5000      10.0
           20090616       15.240         7.6111      10.0
           20090616       18.288         6.8889      10.0
           20090616       21.336         6.2778      10.0
           20090616       24.384         6.1667      10.0
           20090715        0.914        19.9444      10.0
           20090715        1.524        19.8889      10.0
           20090715        3.048        19.7778      10.0
           20090715        6.096        19.6111      10.0
           20090715        9.144        14.2222      10.0
           20090715       12.192        10.5556      10.0
           20090715       15.240         8.5000      10.0
           20090715       18.288         7.2778      10.0
           20090715       21.336         6.5556      10.0
           20090715       24.384         6.4444      10.0
           20090822        0.914        19.8333      10.0
           20090822        1.524        19.8333      10.0
           20090822        3.048        19.7778      10.0
           20090822        6.096        19.7222      10.0
           20090822        9.144        19.0000      10.0
           20090822       12.192        11.6667      10.0
           20090822       15.240         8.8889      10.0
           20090822       18.288         7.3889      10.0
           20090822       21.336         6.8333      10.0
           20090822       24.384         6.8889      10.0
           20090822       25.908         6.7778      10.0
           20091013        0.914        10.9444      10.0
           20091013        1.524        10.9444      10.0
           20091013        3.048        10.9444      10.0
           20091013        6.096        10.9444      10.0
           20091013        9.144        10.9444      10.0
           20091013       12.192        10.8889      10.0
           20091013       15.240         9.7222      10.0
           20091013       18.288         7.5000      10.0
           20091013       21.336         6.8889      10.0
           20091013       24.384         6.6667      10.0
           20091118        0.914         6.3889      10.0
           20091118        1.524         6.3333      10.0
           20091118        3.048         6.2778      10.0
           20091118        6.096         6.2222      10.0
           20091118        9.144         6.1667      10.0
           20091118       12.192         6.1667      10.0
           20091118       15.240         6.1667      10.0
           20091118       18.288         6.1667      10.0
           20091118       21.336         6.1111      10.0
           20091118       24.384         6.0556      10.0
           20091207        0.914         3.7778      10.0
           20091207        1.524         3.7778      10.0
           20091207        3.048         3.7778      10.0
           20091207        6.096         3.7778      10.0
           20091207        9.144         3.7778      10.0
           20091207       12.192         3.7778      10.0
           20091207       15.240         3.7778      10.0
           20091207       18.288         3.7222      10.0
           20091207       21.336         3.7222      10.0
           20091207       24.384         3.7222      10.0
           20091207       25.908         3.7222      10.0
           20100420        0.914         9.0556      10.0
           20100420        1.524         8.5556      10.0
           20100420        3.048         7.6111      10.0
           20100420        6.096         7.1667      10.0
           20100420        9.144         6.9444      10.0
           20100420       12.192         6.8333      10.0
           20100420       15.240         6.7222      10.0
           20100420       18.288         6.5556      10.0
           20100420       21.336         6.3889      10.0
           20100420       24.384         6.2222      10.0
           20100515        0.914        10.2222      10.0
           20100515        1.524        10.2222      10.0
           20100515        3.048        10.1667      10.0
           20100515        6.096        10.1111      10.0
           20100515        9.144        10.1111      10.0
           20100515       12.192        10.0556      10.0
           20100515       15.240         7.8889      10.0
           20100515       18.288         6.8333      10.0
           20100515       21.336         6.6667      10.0
           20100515       24.384         6.5556      10.0
           20100622        0.914        20.8333      10.0
           20100622        1.524        20.7222      10.0
           20100622        3.048        20.1111      10.0
           20100622        6.096        18.2778      10.0
           20100622        9.144        12.4444      10.0
           20100622       12.192        10.7222      10.0
           20100622       15.240         9.0000      10.0
           20100622       18.288         7.5000      10.0
           20100622       21.336         7.1667      10.0
           20100622       24.384         7.0000      10.0
           20100719        0.914        23.6667      10.0
           20100719        1.524        23.5556      10.0
           20100719        3.048        23.2222      10.0
           20100719        6.096        22.6667      10.0
           20100719        9.144        13.8889      10.0
           20100719       12.192        11.6667      10.0
           20100719       15.240         9.2222      10.0
           20100719       18.288         7.8333      10.0
           20100719       21.336         7.2778      10.0
           20100719       24.384         7.1111      10.0
           20100817        0.914        21.9444      10.0
           20100817        1.524        21.9444      10.0
           20100817        3.048        21.9444      10.0
           20100817        6.096        21.8333      10.0
           20100817        9.144        16.2222      10.0
           20100817       12.192        12.0556      10.0
           20100817       15.240         9.3889      10.0
           20100817       18.288         8.0000      10.0
           20100817       21.336         7.3333      10.0
           20100909        0.914        18.0000      10.0
           20100909        1.524        18.0000      10.0
           20100909        3.048        17.9444      10.0
           20100909        6.096        17.9444      10.0
           20100909        9.144        17.8889      10.0
           20100909       12.192        12.6111      10.0
           20100909       15.240         9.5556      10.0
           20100909       18.288         7.8333      10.0
           20100909       21.336         7.3333      10.0
           20101013        0.914        14.1667      10.0
           20101013        1.524        14.1111      10.0
           20101013        3.048        14.1111      10.0
           20101013        6.096        14.0000      10.0
           20101013        9.144        13.8889      10.0
           20101013       12.192        13.3889      10.0
           20101013       15.240        10.2778      10.0
           20101013       18.288         8.1111      10.0
           20101013       21.336         7.6667      10.0
           20101013       24.384         7.5556      10.0
           20110531        0.914        14.0556      10.0
           20110531        1.524        14.0556      10.0
           20110531        3.048        14.0000      10.0
           20110531        6.096        13.4444      10.0
           20110531        9.144         8.0000      10.0
           20110531       12.192         7.0556      10.0
           20110531       15.240         6.4444      10.0
           20110531       18.288         6.0556      10.0
           20110531       21.336         5.8333      10.0
           20110531       24.384         5.7222      10.0
           20110614        0.914        18.1667      10.0
           20110614        1.524        18.1667      10.0
           20110614        3.048        18.0556      10.0
           20110614        6.096        16.1667      10.0
           20110614        9.144        11.8333      10.0
           20110614       12.192         8.3333      10.0
           20110614       15.240         6.7778      10.0
           20110614       18.288         6.2222      10.0
           20110614       21.336         5.9444      10.0
           20110614       24.384         5.8889      10.0
           20110614       25.908         5.8889      10.0
           20110712        0.914        23.4444      10.0
           20110712        1.524        23.5000      10.0
           20110712        3.048        23.5000      10.0
           20110712        6.096        19.6667      10.0
           20110712        9.144        13.2778      10.0
           20110712       12.192         8.7222      10.0
           20110712       15.240         7.3889      10.0
           20110712       18.288         6.5556      10.0
           20110712       21.336         6.2778      10.0
           20110712       24.384         6.1667      10.0
           20110807        0.914        24.7778      10.0
           20110807        1.524        24.7222      10.0
           20110807        3.048        24.7222      10.0
           20110807        6.096        23.7778      10.0
           20110807        9.144        15.1111      10.0
           20110807       12.192         9.8889      10.0
           20110807       15.240         7.6667      10.0
           20110807       18.288         6.7778      10.0
           20110807       21.336         6.3889      10.0
           20110807       24.384         6.2222      10.0
           20110923        0.914        15.9444      10.0
           20110923        1.524        15.9444      10.0
           20110923        3.048        16.0000      10.0
           20110923        6.096        15.9444      10.0
           20110923        9.144        15.9444      10.0
           20110923       12.192        10.6111      10.0
           20110923       15.240         8.1111      10.0
           20110923       18.288         7.0000      10.0
           20110923       21.336         6.4444      10.0
           20110923       24.384         6.2222      10.0
           20111021        0.914        11.0556      10.0
           20111021        1.524        10.8889      10.0
           20111021        3.048        10.8333      10.0
           20111021        6.096        10.7778      10.0
           20111021        9.144        10.7222      10.0
           20111021       12.192        10.6667      10.0
           20111021       15.240        10.3333      10.0
           20111021       18.288         6.8889      10.0
           20111021       21.336         6.4444      10.0
           20111021       24.384         6.3333      10.0
           20111112        0.914         6.9444      10.0
           20111112        1.524         6.9444      10.0
           20111112        3.048         6.9444      10.0
           20111112        6.096         6.7778      10.0
           20111112        9.144         6.7778      10.0
           20111112       12.192         6.7778      10.0
           20111112       15.240         6.7222      10.0
           20111112       18.288         6.7222      10.0
           20111112       21.336         6.7222      10.0
           20111112       24.384         6.5000      10.0
           20120421        0.914         7.5000      10.0
           20120421        1.524         7.3889      10.0
           20120421        3.048         7.2778      10.0
           20120421        6.096         7.0556      10.0
           20120421        9.144         7.0000      10.0
           20120421       12.192         6.9444      10.0
           20120421       15.240         6.8889      10.0
           20120421       18.288         6.8333      10.0
           20120421       21.336         6.7778      10.0
           20120421       24.384         6.7778      10.0
           20120514        0.914        14.6667      10.0
           20120514        1.524        14.6667      10.0
           20120514        3.048        14.5000      10.0
           20120514        6.096        12.0556      10.0
           20120514        9.144         9.5000      10.0
           20120514       12.192         8.1667      10.0
           20120514       15.240         7.5000      10.0
           20120514       18.288         7.1111      10.0
           20120514       21.336         7.0556      10.0
           20120514       24.384         6.9444      10.0
           20120531        0.914        17.1111      10.0
           20120531        1.524        17.0000      10.0
           20120531        3.048        16.7778      10.0
           20120531        6.096        16.6111      10.0
           20120531        9.144        12.0000      10.0
           20120531       12.192         8.7778      10.0
           20120531       15.240         8.0000      10.0
           20120531       18.288         7.3889      10.0
           20120531       21.336         7.1667      10.0
           20120531       24.384         7.0556      10.0
           20120617        0.914        19.7222      10.0
           20120617        1.524        19.6667      10.0
           20120617        3.048        19.6111      10.0
           20120617        6.096        19.3889      10.0
           20120617        9.144        13.0556      10.0
           20120617       12.192         9.7222      10.0
           20120617       15.240         8.3333      10.0
           20120617       18.288         7.6111      10.0
           20120617       21.336         7.3333      10.0
           20120617       24.384         7.1667      10.0
           20120716        0.914        26.0556      10.0
           20120716        1.524        26.0000      10.0
           20120716        3.048        26.0000      10.0
           20120716        6.096        25.9444      10.0
           20120716        9.144        18.3889      10.0
           20120716       12.192        11.3889      10.0
           20120716       15.240         9.1667      10.0
           20120716       18.288         8.1111      10.0
           20120716       21.336         7.6111      10.0
           20120716       24.384         7.3889      10.0
           20120820        0.914        21.0000      10.0
           20120820        1.524        21.0000      10.0
           20120820        3.048        21.0000      10.0
           20120820        6.096        21.0000      10.0
           20120820        9.144        20.5000      10.0
           20120820       12.192        11.5000      10.0
           20120820       15.240         9.0000      10.0
           20120820       18.288         7.9444      10.0
           20120820       21.336         7.5556      10.0
           20120820       24.384         7.2778      10.0
           20120921        0.914        16.1667      10.0
           20120921        1.524        16.1667      10.0
           20120921        3.048        16.1667      10.0
           20120921        6.096        16.2222      10.0
           20120921        9.144        16.2222      10.0
           20120921       12.192        13.1667      10.0
           20120921       15.240         9.5000      10.0
           20120921       18.288         8.1667      10.0
           20120921       21.336         7.6667      10.0
           20120921       24.384         7.3889      10.0
           20130514        0.914         4.6667      10.0
           20130514        1.524         4.5000      10.0
           20130514        3.048         4.3333      10.0
           20130514        6.096         4.2778      10.0
           20130514        9.144         4.2778      10.0
           20130514       12.192         4.2778      10.0
           20130514       15.240         4.2778      10.0
           20130514       18.288         4.2222      10.0
           20130514       21.336         4.2222      10.0
           20130514       24.384         4.0556      10.0
           20130624        0.914        21.2778      10.0
           20130624        1.524        21.0000      10.0
           20130624        3.048        20.2778      10.0
           20130624        6.096        13.8333      10.0
           20130624        9.144         7.6111      10.0
           20130624       12.192         6.4444      10.0
           20130624       15.240         5.8889      10.0
           20130624       18.288         5.2778      10.0
           20130624       21.336         5.0556      10.0
           20130624       24.384         4.8889      10.0
           20130715        0.914        24.0000      10.0
           20130715        1.524        24.0000      10.0
           20130715        3.048        23.9444      10.0
           20130715        6.096        20.3333      10.0
           20130715        9.144         9.5556      10.0
           20130715       12.192         7.3333      10.0
           20130715       15.240         6.3889      10.0
           20130715       18.288         5.7778      10.0
           20130715       21.336         5.5000      10.0
           20130715       24.384         5.2778      10.0
           20130817        0.914        20.8889      10.0
           20130817        1.524        20.8333      10.0
           20130817        3.048        20.6667      10.0
           20130817        6.096        19.7778      10.0
           20130817        9.144        10.9444      10.0
           20130817       12.192         7.8889      10.0
           20130817       15.240         6.4444      10.0
           20130817       18.288         5.6667      10.0
           20130817       21.336         5.3889      10.0
           20130817       24.384         5.3333      10.0
           20130916        0.914        19.0000      10.0
           20130916        1.524        18.9444      10.0
           20130916        3.048        18.7222      10.0
           20130916        6.096        18.6111      10.0
           20130916        9.144        13.7778      10.0
           20130916       12.192         8.6667      10.0
           20130916       15.240         6.7778      10.0
           20130916       18.288         5.9444      10.0
           20130916       21.336         5.6111      10.0
           20130916       24.384         5.4444      10.0
           20131105        0.914         7.5000      10.0
           20131105        1.524         7.5000      10.0
           20131105        3.048         7.4444      10.0
           20131105        6.096         7.4444      10.0
           20131105        9.144         7.3889      10.0
           20131105       12.192         7.3889      10.0
           20131105       15.240         7.3889      10.0
           20131105       18.288         7.2778      10.0
           20131105       21.336         5.7778      10.0
           20131105       24.384         5.6667      10.0
           20140520        0.914         8.0000      10.0
           20140520        1.524         7.7778      10.0
           20140520        3.048         7.0556      10.0
           20140520        6.096         6.5556      10.0
           20140520        9.144         6.2222      10.0
           20140520       12.192         5.7778      10.0
           20140520       15.240         5.6111      10.0
           20140520       18.288         5.4444      10.0
           20140520       21.336         5.2778      10.0
           20140520       24.384         5.1111      10.0
           20140623        0.914        20.4444      10.0
           20140623        1.524        19.3889      10.0
           20140623        3.048        18.6667      10.0
           20140623        6.096        15.9444      10.0
           20140623        9.144         8.5556      10.0
           20140623       12.192         6.8889      10.0
           20140623       15.240         6.3889      10.0
           20140623       18.288         5.6111      10.0
           20140623       21.336         5.3889      10.0
           20140810        0.914        23.6111      10.0
           20140810        1.524        23.5000      10.0
           20140810        3.048        23.1667      10.0
           20140810        6.096        21.7778      10.0
           20140810        9.144        11.6111      10.0
           20140810       12.192         7.6111      10.0
           20140810       15.240         6.6111      10.0
           20140810       18.288         5.8889      10.0
           20140810       21.336         5.5000      10.0
           20140810       24.384         5.3889      10.0
           20140903        0.914        20.3889      10.0
           20140903        1.524        20.3889      10.0
           20140903        3.048        20.3333      10.0
           20140903        6.096        20.2778      10.0
           20140903        9.144        13.2778      10.0
           20140903       12.192         8.0556      10.0
           20140903       15.240         6.7778      10.0
           20140903       18.288         6.1667      10.0
           20140903       21.336         5.6111      10.0
           20140903       24.384         5.5000      10.0
           20141021        0.914         9.8333      10.0
           20141021        1.524         9.7778      10.0
           20141021        3.048         9.7222      10.0
           20141021        6.096         9.7222      10.0
           20141021        9.144         9.7222      10.0
           20141021       12.192         9.7222      10.0
           20141021       15.240         8.1111      10.0
           20141021       17.069         6.4444      10.0
           20141021       18.288         6.1667      10.0
           20141021       21.336         5.7222      10.0
           20141021       24.384         5.6111      10.0
           20150428        0.914         6.1667      10.0
           20150428        1.524         5.8889      10.0
           20150428        3.048         5.5000      10.0
           20150428        6.096         5.3889      10.0
           20150428        9.144         5.3333      10.0
           20150428       12.192         5.1111      10.0
           20150428       15.240         4.7778      10.0
           20150428       18.288         4.7778      10.0
           20150428       21.336         4.6667      10.0
           20150428       24.384         4.6667      10.0
           20150428       25.908         4.5556      10.0
           20150523        0.914        13.6667      10.0
           20150523        1.524        13.5556      10.0
           20150523        3.048        13.3333      10.0
           20150523        6.096        11.5556      10.0
           20150523        9.144         6.8333      10.0
           20150523       12.192         5.8889      10.0
           20150523       15.240         5.3333      10.0
           20150523       18.288         4.9444      10.0
           20150523       21.336         4.8889      10.0
           20150523       24.384         4.8333      10.0
           20150619        0.914        19.3333      10.0
           20150619        1.524        19.2778      10.0
           20150619        3.048        19.0556      10.0
           20150619        6.096        17.5556      10.0
           20150619        9.144         8.8333      10.0
           20150619       12.192         6.2222      10.0
           20150619       15.240         5.6111      10.0
           20150619       18.288         5.0556      10.0
           20150619       21.336         4.8333      10.0
           20150619       24.384         4.8333      10.0
           20150728        0.914        24.3889      10.0
           20150728        1.524        24.3889      10.0
           20150728        3.048        24.3889      10.0
           20150728        6.096        22.5556      10.0
           20150728        9.144        11.7222      10.0
           20150728       12.192         7.6111      10.0
           20150728       15.240         6.3333      10.0
           20150728       18.288         5.6111      10.0
           20150728       21.336         5.2222      10.0
           20150728       24.384         5.0000      10.0
           20150728       25.908         4.9444      10.0
           20150822        0.914        21.1667      10.0
           20150822        1.524        21.1667      10.0
           20150822        3.048        21.1667      10.0
           20150822        6.096        21.1667      10.0
           20150822        9.144        14.1111      10.0
           20150822       12.192         7.3889      10.0
           20150822       15.240         6.1667      10.0
           20150822       18.288         5.3889      10.0
           20150822       21.336         5.1667      10.0
           20150822       24.384         5.0556      10.0
           20150822       25.908         5.0556      10.0
           20150914        0.914        19.1667      10.0
           20150914        1.524        19.1111      10.0
           20150914        3.048        19.0556      10.0
           20150914        6.096        19.0000      10.0
           20150914        9.144        16.3333      10.0
           20150914       12.192         8.1667      10.0
           20150914       15.240         6.3333      10.0
           20150914       18.288         5.7222      10.0
           20150914       21.336         5.2222      10.0
           20150914       24.384         5.1667      10.0
           20151019        0.914        11.3889      10.0
           20151019        1.524        11.3889      10.0
           20151019        3.048        11.3889      10.0
           20151019        6.096        11.3889      10.0
           20151019        9.144        11.3889      10.0
           20151019       12.192        10.5000      10.0
           20151019       15.240         7.0000      10.0
           20151019       18.288         5.6111      10.0
           20151019       21.336         5.3333      10.0
           20151019       24.384         5.2222      10.0
