Observation #: 1631
-------------------------------------------------------------------------
  Time(YYYYMMDD)   Depth(m) Value(celsius)    Std(%)
         20040428        0.1            7.9      10.0
         20040428        1.0            7.8      10.0
         20040428        2.0            7.8      10.0
         20040428        3.0            7.8      10.0
         20040428        4.0            7.8      10.0
         20040428        5.0            7.6      10.0
         20040428        6.0            7.6      10.0
         20040428        7.0            7.5      10.0
         20040428        8.0            7.4      10.0
         20040428        9.0            7.3      10.0
         20040428       10.0            7.1      10.0
         20040525        0.1           14.4      10.0
         20040525        1.0           14.4      10.0
         20040525        2.0           14.3      10.0
         20040525        3.0           14.1      10.0
         20040525        4.0           11.4      10.0
         20040525        5.0           10.2      10.0
         20040525        6.0            9.9      10.0
         20040525        7.0            9.4      10.0
         20040525        8.0            9.3      10.0
         20040525        9.0            9.1      10.0
         20040525       10.0            8.9      10.0
         20040607        0.1           19.3      10.0
         20040607        1.0           18.6      10.0
         20040607        2.0           18.0      10.0
         20040607        3.0           16.6      10.0
         20040607        4.0           14.5      10.0
         20040607        5.0           11.8      10.0
         20040607        6.0           10.5      10.0
         20040607        7.0            9.9      10.0
         20040607        8.0            9.3      10.0
         20040607        9.0            9.2      10.0
         20040607       10.0            8.9      10.0
         20040623        0.1           18.9      10.0
         20040623        1.0           19.3      10.0
         20040623        2.0           19.2      10.0
         20040623        3.0           19.1      10.0
         20040623        4.0           17.6      10.0
         20040623        5.0           13.1      10.0
         20040623        6.0           11.1      10.0
         20040623        7.0            9.7      10.0
         20040623        8.0            9.2      10.0
         20040623        9.0            8.9      10.0
         20040623       10.0            8.6      10.0
         20040707        0.1           20.7      10.0
         20040707        1.0           20.7      10.0
         20040707        2.0           20.7      10.0
         20040707        3.0           20.3      10.0
         20040707        4.0           19.6      10.0
         20040707        5.0           16.3      10.0
         20040707        6.0           11.3      10.0
         20040707        7.0            9.9      10.0
         20040707        8.0            9.3      10.0
         20040707        9.0            8.9      10.0
         20040707       10.0            8.5      10.0
         20040723        1.0           23.4      10.0
         20040723        2.0           23.4      10.0
         20040723        3.0           21.3      10.0
         20040723        4.0           20.1      10.0
         20040723        5.0           15.7      10.0
         20040723        6.0           12.6      10.0
         20040723        7.0           11.1      10.0
         20040723        8.0           10.0      10.0
         20040723        9.0            9.0      10.0
         20040723       10.0            8.6      10.0
         20040811        0.1           21.1      10.0
         20040811        1.0           21.2      10.0
         20040811        2.0           21.2      10.0
         20040811        3.0           21.3      10.0
         20040811        4.0           21.3      10.0
         20040811        5.0           16.1      10.0
         20040811        6.0           12.3      10.0
         20040811        7.0           11.3      10.0
         20040811        8.0            9.5      10.0
         20040811        9.0            9.3      10.0
         20040811       10.0            8.9      10.0
         20040825        0.1           19.2      10.0
         20040825        1.0           19.2      10.0
         20040825        2.0           19.2      10.0
         20040825        3.0           19.1      10.0
         20040825        4.0           19.1      10.0
         20040825        5.0           17.3      10.0
         20040825        6.0           13.4      10.0
         20040825        7.0           10.6      10.0
         20040825        8.0            9.7      10.0
         20040825        9.0            8.9      10.0
         20040825       10.0            8.7      10.0
         20040907        0.1           20.8      10.0
         20040907        1.0           20.8      10.0
         20040907        2.0           20.8      10.0
         20040907        3.0           20.8      10.0
         20040907        4.0           20.8      10.0
         20040907        5.0           18.0      10.0
         20040907        6.0           14.6      10.0
         20040907        7.0           10.8      10.0
         20040907        8.0            9.4      10.0
         20040907        9.0            9.1      10.0
         20040907       10.0            8.6      10.0
         20040921        0.1           18.8      10.0
         20040921        1.0           18.5      10.0
         20040921        2.0           18.1      10.0
         20040921        3.0           17.9      10.0
         20040921        4.0           17.8      10.0
         20040921        5.0           17.7      10.0
         20040921        6.0           16.1      10.0
         20040921        7.0           12.0      10.0
         20040921        8.0           10.6      10.0
         20040921        9.0            9.4      10.0
         20040921       10.0            8.8      10.0
         20041007        0.1           14.5      10.0
         20041007        1.0           14.5      10.0
         20041007        2.0           14.5      10.0
         20041007        3.0           14.5      10.0
         20041007        4.0           14.5      10.0
         20041007        5.0           14.5      10.0
         20041007        6.0           14.3      10.0
         20041007        7.0           13.6      10.0
         20041007        8.0           10.0      10.0
         20041007        9.0            9.3      10.0
         20041007       10.0            8.7      10.0
         20041020        0.1           10.5      10.0
         20041020        1.0           10.6      10.0
         20041020        2.0           10.6      10.0
         20041020        3.0           10.6      10.0
         20041020        4.0           10.6      10.0
         20041020        5.0           10.6      10.0
         20041020        6.0           10.6      10.0
         20041020        7.0           10.6      10.0
         20041020        8.0           10.5      10.0
         20041020        9.0           10.2      10.0
         20041020       10.0           10.1      10.0
         20041103        0.1            8.7      10.0
         20041103        1.0            8.7      10.0
         20041103        2.0            8.5      10.0
         20041103        3.0            8.4      10.0
         20041103        4.0            8.4      10.0
         20041103        5.0            8.3      10.0
         20041103        6.0            8.3      10.0
         20041103        7.0            8.3      10.0
         20041103        8.0            8.3      10.0
         20041103        9.0            8.3      10.0
         20041103       10.0            8.3      10.0
         20050503        0.1            6.8      10.0
         20050503        1.0            6.8      10.0
         20050503        2.0            6.8      10.0
         20050503        3.0            6.8      10.0
         20050503        4.0            6.8      10.0
         20050503        5.0            6.8      10.0
         20050503        6.0            6.8      10.0
         20050503        7.0            6.8      10.0
         20050503        8.0            6.8      10.0
         20050503        9.0            6.8      10.0
         20050503       10.0            6.7      10.0
         20050503       11.0            6.8      10.0
         20050525        0.1           14.0      10.0
         20050525        1.0           13.9      10.0
         20050525        2.0           13.9      10.0
         20050525        3.0           13.6      10.0
         20050525        4.0           11.8      10.0
         20050525        5.0           10.0      10.0
         20050525        6.0            8.7      10.0
         20050525        7.0            8.2      10.0
         20050525        8.0            8.0      10.0
         20050525        9.0            7.4      10.0
         20050525       10.0            7.2      10.0
         20050525       11.0            7.0      10.0
         20050608        0.1           21.2      10.0
         20050608        1.0           21.2      10.0
         20050608        2.0           21.1      10.0
         20050608        3.0           16.4      10.0
         20050608        4.0           12.6      10.0
         20050608        5.0            9.5      10.0
         20050608        6.0            8.7      10.0
         20050608        7.0            8.1      10.0
         20050608        8.0            7.5      10.0
         20050608        9.0            7.2      10.0
         20050608       10.0            7.1      10.0
         20050608       10.5            7.0      10.0
         20050627        0.1           25.5      10.0
         20050627        1.0           25.4      10.0
         20050627        2.0           25.3      10.0
         20050627        3.0           23.6      10.0
         20050627        4.0           21.1      10.0
         20050627        5.0           14.9      10.0
         20050627        6.0           11.4      10.0
         20050627        7.0            9.8      10.0
         20050627        8.0            8.5      10.0
         20050627        9.0            8.0      10.0
         20050627       10.0            7.5      10.0
         20050706        0.1           23.3      10.0
         20050706        1.0           23.2      10.0
         20050706        2.0           22.2      10.0
         20050706        3.0           19.2      10.0
         20050706        4.0           15.9      10.0
         20050706        5.0           11.5      10.0
         20050706        6.0            9.6      10.0
         20050706        7.0            8.7      10.0
         20050706        8.0            8.1      10.0
         20050706        9.0            7.6      10.0
         20050706       10.0            7.3      10.0
         20050725        0.1           25.1      10.0
         20050725        1.0           25.0      10.0
         20050725        2.0           24.8      10.0
         20050725        3.0           24.3      10.0
         20050725        4.0           16.4      10.0
         20050725        5.0           12.3      10.0
         20050725        6.0           10.1      10.0
         20050725        7.0            8.9      10.0
         20050725        8.0            8.1      10.0
         20050725        9.0            7.8      10.0
         20050725       10.0            7.4      10.0
         20050811        0.1           26.8      10.0
         20050811        1.0           24.8      10.0
         20050811        2.0           24.6      10.0
         20050811        3.0           24.4      10.0
         20050811        4.0           20.6      10.0
         20050811        5.0           14.6      10.0
         20050811        6.0           10.5      10.0
         20050811        7.0            9.0      10.0
         20050811        8.0            8.1      10.0
         20050811        9.0            7.6      10.0
         20050811       10.0            7.2      10.0
         20050825        0.1           23.5      10.0
         20050825        1.0           21.4      10.0
         20050825        2.0           21.1      10.0
         20050825        3.0           20.7      10.0
         20050825        4.0           20.3      10.0
         20050825        5.0           15.4      10.0
         20050825        6.0           11.4      10.0
         20050825        7.0            9.1      10.0
         20050825        8.0            8.3      10.0
         20050825        9.0            7.7      10.0
         20050825       10.0            7.3      10.0
         20050906        0.1           22.2      10.0
         20050906        1.0           21.9      10.0
         20050906        2.0           21.7      10.0
         20050906        3.0           21.5      10.0
         20050906        4.0           21.5      10.0
         20050906        5.0           16.1      10.0
         20050906        6.0           11.3      10.0
         20050906        7.0            9.2      10.0
         20050906        8.0            8.3      10.0
         20050906        9.0            7.8      10.0
         20050906       10.0            7.7      10.0
         20051012        0.1           14.7      10.0
         20051012        1.0           14.6      10.0
         20051012        2.0           14.5      10.0
         20051012        3.0           14.5      10.0
         20051012        4.0           14.5      10.0
         20051012        5.0           14.4      10.0
         20051012        6.0           14.2      10.0
         20051012        7.0           12.9      10.0
         20051012        8.0            9.0      10.0
         20051012        9.0            8.3      10.0
         20051012       10.0            7.8      10.0
         20051024        0.1           10.6      10.0
         20051024        1.0           10.7      10.0
         20051024        2.0           10.7      10.0
         20051024        3.0           10.7      10.0
         20051024        4.0           10.7      10.0
         20051024        5.0           10.6      10.0
         20051024        6.0           10.6      10.0
         20051024        7.0           10.6      10.0
         20051024        8.0           10.3      10.0
         20051024        9.0            8.7      10.0
         20051024       10.0            7.9      10.0
         20051024       11.0            7.8      10.0
         20051108        0.1            8.2      10.0
         20051108        1.0            8.1      10.0
         20051108        2.0            8.1      10.0
         20051108        3.0            8.1      10.0
         20051108        4.0            8.1      10.0
         20051108        5.0            8.1      10.0
         20051108        6.0            8.1      10.0
         20051108        7.0            8.1      10.0
         20051108        8.0            8.1      10.0
         20051108        9.0            8.1      10.0
         20051108       10.0            8.1      10.0
         20060501        0.1           12.6      10.0
         20060501        1.0           11.9      10.0
         20060501        2.0           11.3      10.0
         20060501        3.0           10.8      10.0
         20060501        4.0           10.6      10.0
         20060501        5.0            8.4      10.0
         20060501        6.0            7.6      10.0
         20060501        7.0            7.3      10.0
         20060501        8.0            7.2      10.0
         20060501        9.0            6.9      10.0
         20060501       10.0            6.8      10.0
         20060523        0.1           13.2      10.0
         20060523        1.0           12.8      10.0
         20060523        2.0           12.7      10.0
         20060523        3.0           12.5      10.0
         20060523        4.0           12.2      10.0
         20060523        5.0           11.7      10.0
         20060523        6.0            9.6      10.0
         20060523        7.0            8.2      10.0
         20060523        8.0            7.7      10.0
         20060523        9.0            7.6      10.0
         20060523       10.0            7.4      10.0
         20060607        0.1           23.5      10.0
         20060607        1.0           22.2      10.0
         20060607        2.0           19.7      10.0
         20060607        3.0           14.3      10.0
         20060607        4.0           12.4      10.0
         20060607        5.0           10.5      10.0
         20060607        6.0            9.3      10.0
         20060607        7.0            8.1      10.0
         20060607        8.0            7.6      10.0
         20060607        9.0            7.4      10.0
         20060607       10.0            7.1      10.0
         20060622        0.1           22.4      10.0
         20060622        1.0           22.2      10.0
         20060622        2.0           22.2      10.0
         20060622        3.0           18.8      10.0
         20060622        4.0           13.7      10.0
         20060622        5.0           10.8      10.0
         20060622        6.0            9.4      10.0
         20060622        7.0            8.9      10.0
         20060622        8.0            8.1      10.0
         20060622        9.0            7.7      10.0
         20060622       10.0            7.3      10.0
         20060622       11.0            7.2      10.0
         20060706        0.1           22.2      10.0
         20060706        1.0           22.3      10.0
         20060706        2.0           22.1      10.0
         20060706        3.0           22.0      10.0
         20060706        4.0           16.1      10.0
         20060706        5.0           11.8      10.0
         20060706        6.0           10.3      10.0
         20060706        7.0            8.6      10.0
         20060706        8.0            7.9      10.0
         20060706        9.0            7.6      10.0
         20060706       10.0            7.3      10.0
         20060724        0.1           23.6      10.0
         20060724        1.0           23.6      10.0
         20060724        2.0           23.7      10.0
         20060724        3.0           23.7      10.0
         20060724        4.0           19.3      10.0
         20060724        5.0           12.7      10.0
         20060724        6.0           10.2      10.0
         20060724        7.0            9.2      10.0
         20060724        8.0            8.1      10.0
         20060724        9.0            7.7      10.0
         20060724       10.0            7.3      10.0
         20060808        0.1           24.5      10.0
         20060808        1.0           24.4      10.0
         20060808        2.0           24.2      10.0
         20060808        3.0           24.0      10.0
         20060808        4.0           21.6      10.0
         20060808        5.0           15.8      10.0
         20060808        6.0           10.8      10.0
         20060808        7.0            9.2      10.0
         20060808        8.0            8.6      10.0
         20060808        9.0            7.7      10.0
         20060808       10.0            7.4      10.0
         20060823        0.1           22.2      10.0
         20060823        1.0           21.8      10.0
         20060823        2.0           21.7      10.0
         20060823        3.0           21.6      10.0
         20060823        4.0           20.7      10.0
         20060823        5.0           17.3      10.0
         20060823        6.0           12.1      10.0
         20060823        7.0            9.7      10.0
         20060823        8.0            8.7      10.0
         20060823        9.0            7.9      10.0
         20060823       10.0            7.5      10.0
         20060905        0.1           21.6      10.0
         20060905        1.0           19.2      10.0
         20060905        2.0           19.0      10.0
         20060905        3.0           18.9      10.0
         20060905        4.0           18.7      10.0
         20060905        5.0           18.6      10.0
         20060905        6.0           12.8      10.0
         20060905        7.0            9.8      10.0
         20060905        8.0            8.6      10.0
         20060905        9.0            8.3      10.0
         20060905       10.0            8.1      10.0
         20060926        0.1           15.2      10.0
         20060926        1.0           15.2      10.0
         20060926        2.0           15.2      10.0
         20060926        3.0           15.0      10.0
         20060926        4.0           14.9      10.0
         20060926        5.0           14.9      10.0
         20060926        6.0           14.8      10.0
         20060926        7.0           12.6      10.0
         20060926        8.0            9.9      10.0
         20060926        9.0            8.2      10.0
         20060926       10.0            7.9      10.0
         20061013        0.1           11.2      10.0
         20061013        1.0           11.4      10.0
         20061013        2.0           11.4      10.0
         20061013        3.0           11.4      10.0
         20061013        4.0           11.4      10.0
         20061013        5.0           11.4      10.0
         20061013        6.0           11.4      10.0
         20061013        7.0           11.4      10.0
         20061013        8.0           11.4      10.0
         20061013        9.0           11.3      10.0
         20061013       10.0           11.2      10.0
         20061023        0.1            8.6      10.0
         20061023        1.0            8.9      10.0
         20061023        2.0            8.9      10.0
         20061023        3.0            8.9      10.0
         20061023        4.0            9.0      10.0
         20061023        5.0            9.0      10.0
         20061023        6.0            9.0      10.0
         20061023        7.0            9.0      10.0
         20061023        8.0            9.0      10.0
         20061023        9.0            9.0      10.0
         20061023       10.0            8.9      10.0
         20061023       11.0            8.8      10.0
         20061106        0.1            6.0      10.0
         20061106        1.0            5.9      10.0
         20061106        2.0            5.8      10.0
         20061106        3.0            5.7      10.0
         20061106        4.0            5.7      10.0
         20061106        5.0            5.6      10.0
         20061106        6.0            5.6      10.0
         20061106        7.0            5.5      10.0
         20061106        8.0            5.4      10.0
         20061106        9.0            5.4      10.0
         20061106       10.0            5.4      10.0
         20070502        0.1           10.9      10.0
         20070502        1.0           10.5      10.0
         20070502        2.0           10.1      10.0
         20070502        3.0            9.8      10.0
         20070502        4.0            8.8      10.0
         20070502        5.0            8.0      10.0
         20070502        6.0            7.0      10.0
         20070502        7.0            6.7      10.0
         20070502        8.0            6.4      10.0
         20070502        9.0            6.3      10.0
         20070502       10.0            6.2      10.0
         20070523        0.1           17.5      10.0
         20070523        1.0           17.3      10.0
         20070523        2.0           16.3      10.0
         20070523        3.0           14.9      10.0
         20070523        4.0           13.8      10.0
         20070523        5.0           10.4      10.0
         20070523        6.0            8.8      10.0
         20070523        7.0            7.7      10.0
         20070523        8.0            7.4      10.0
         20070523        9.0            7.1      10.0
         20070523       10.0            6.9      10.0
         20070523       10.6            6.9      10.0
         20070611        0.1           20.4      10.0
         20070611        1.0           20.0      10.0
         20070611        2.0           18.7      10.0
         20070611        3.0           17.9      10.0
         20070611        4.0           14.8      10.0
         20070611        5.0           11.1      10.0
         20070611        6.0            9.3      10.0
         20070611        7.0            8.1      10.0
         20070611        8.0            7.7      10.0
         20070611        9.0            7.3      10.0
         20070611       10.2            7.1      10.0
         20070621        0.1           22.1      10.0
         20070621        1.0           22.0      10.0
         20070621        2.0           21.8      10.0
         20070621        3.0           20.9      10.0
         20070621        4.0           15.7      10.0
         20070621        5.0           11.2      10.0
         20070621        6.0            9.6      10.0
         20070621        7.0            8.2      10.0
         20070621        8.0            7.7      10.0
         20070621        9.0            7.2      10.0
         20070621       10.1            6.9      10.0
         20070706        0.1           22.3      10.0
         20070706        1.0           21.8      10.0
         20070706        2.0           21.3      10.0
         20070706        3.0           20.8      10.0
         20070706        4.0           17.7      10.0
         20070706        5.0           12.4      10.0
         20070706        6.0           10.4      10.0
         20070706        7.0            9.0      10.0
         20070706        8.0            7.9      10.0
         20070706        9.0            7.4      10.0
         20070706       10.3            6.7      10.0
         20070724        0.1           24.8      10.0
         20070724        1.0           24.0      10.0
         20070724        2.0           23.0      10.0
         20070724        3.0           22.0      10.0
         20070724        4.0           20.3      10.0
         20070724        5.0           14.5      10.0
         20070724        6.0           10.8      10.0
         20070724        7.0            9.1      10.0
         20070724        8.0            8.4      10.0
         20070724        9.0            7.7      10.0
         20070724       10.0            7.0      10.0
         20070724       10.8            7.0      10.0
         20070813        0.1           24.1      10.0
         20070813        1.0           24.1      10.0
         20070813        2.0           24.0      10.0
         20070813        3.0           23.4      10.0
         20070813        4.0           22.2      10.0
         20070813        5.0           16.0      10.0
         20070813        6.0           10.7      10.0
         20070813        7.0            8.9      10.0
         20070813        8.0            8.0      10.0
         20070813        9.0            7.5      10.0
         20070813       10.0            7.2      10.0
         20070827        0.1           20.3      10.0
         20070827        1.0           20.3      10.0
         20070827        2.0           20.3      10.0
         20070827        3.0           20.3      10.0
         20070827        4.0           20.2      10.0
         20070827        5.0           18.6      10.0
         20070827        6.0           12.3      10.0
         20070827        7.0            9.8      10.0
         20070827        8.0            8.4      10.0
         20070827        9.0            7.8      10.0
         20070827       10.0            7.1      10.0
         20070905        0.1           20.6      10.0
         20070905        1.0           20.6      10.0
         20070905        2.0           20.6      10.0
         20070905        3.0           20.6      10.0
         20070905        4.0           20.6      10.0
         20070905        5.0           17.9      10.0
         20070905        6.0           13.3      10.0
         20070905        7.0            9.7      10.0
         20070905        8.0            8.5      10.0
         20070905        9.0            7.8      10.0
         20070905       10.0            7.7      10.0
         20070905       10.1            7.7      10.0
         20070924        0.1           17.9      10.0
         20070924        1.0           17.7      10.0
         20070924        2.0           17.9      10.0
         20070924        3.0           17.9      10.0
         20070924        4.0           17.5      10.0
         20070924        5.0           17.3      10.0
         20070924        6.0           16.8      10.0
         20070924        7.0           11.4      10.0
         20070924        8.0            9.3      10.0
         20070924        9.0            8.3      10.0
         20070924       10.0            7.9      10.0
         20070924       10.1            7.9      10.0
         20071009        0.1           16.8      10.0
         20071009        1.0           16.9      10.0
         20071009        2.0           16.9      10.0
         20071009        3.0           16.9      10.0
         20071009        4.0           16.9      10.0
         20071009        5.0           16.9      10.0
         20071009        6.0           16.8      10.0
         20071009        7.0           12.7      10.0
         20071009        8.0            9.3      10.0
         20071009        9.0            8.3      10.0
         20071009        9.7            7.7      10.0
         20071023        0.1           13.3      10.0
         20071023        1.0           13.3      10.0
         20071023        2.0           13.3      10.0
         20071023        3.0           13.3      10.0
         20071023        4.0           13.3      10.0
         20071023        5.0           13.2      10.0
         20071023        6.0           13.1      10.0
         20071023        7.0           13.0      10.0
         20071023        8.0           12.5      10.0
         20071023        9.0            9.1      10.0
         20071023       10.0            8.2      10.0
         20071023       10.3            8.2      10.0
         20071115        0.1            6.5      10.0
         20071115        1.0            6.5      10.0
         20071115        2.0            6.5      10.0
         20071115        3.0            6.6      10.0
         20071115        4.0            6.6      10.0
         20071115        5.0            6.6      10.0
         20071115        6.0            6.6      10.0
         20071115        7.0            6.6      10.0
         20071115        8.0            6.6      10.0
         20071115        9.0            6.6      10.0
         20071115       10.0            6.6      10.0
         20071115       10.5            6.6      10.0
         20080505        0.1            9.0      10.0
         20080505        1.0            8.9      10.0
         20080505        2.0            8.9      10.0
         20080505        3.0            8.8      10.0
         20080505        4.0            8.8      10.0
         20080505        5.0            8.7      10.0
         20080505        6.0            8.6      10.0
         20080505        7.0            8.3      10.0
         20080505        8.0            7.7      10.0
         20080505        9.0            7.4      10.0
         20080529        0.1           15.3      10.0
         20080529        1.0           15.3      10.0
         20080529        2.0           15.2      10.0
         20080529        3.0           15.2      10.0
         20080529        4.0           15.1      10.0
         20080529        5.0           14.4      10.0
         20080529        6.0           12.1      10.0
         20080529        7.0            9.3      10.0
         20080529        8.0            8.9      10.0
         20080529        9.0            8.7      10.0
         20080529       10.0            8.5      10.0
         20080611        0.1           21.8      10.0
         20080611        1.0           21.8      10.0
         20080611        2.0           21.8      10.0
         20080611        3.0           18.1      10.0
         20080611        4.0           15.1      10.0
         20080611        5.0           13.5      10.0
         20080611        6.0           11.7      10.0
         20080611        7.0            9.9      10.0
         20080611        8.0            9.2      10.0
         20080611        9.0            8.7      10.0
         20080611       10.0            8.4      10.0
         20080624        0.1           22.0      10.0
         20080624        1.0           21.0      10.0
         20080624        2.0           19.9      10.0
         20080624        3.0           19.2      10.0
         20080624        4.0           17.6      10.0
         20080624        5.0           13.3      10.0
         20080624        6.0           11.4      10.0
         20080624        7.0            9.9      10.0
         20080624        8.0            9.0      10.0
         20080624        9.0            8.5      10.0
         20080624       10.0            8.3      10.0
         20080709        0.1           23.9      10.0
         20080709        1.0           24.0      10.0
         20080709        2.0           23.9      10.0
         20080709        3.0           21.5      10.0
         20080709        4.0           17.8      10.0
         20080709        5.0           14.2      10.0
         20080709        6.0           12.1      10.0
         20080709        7.0           10.3      10.0
         20080709        8.0            9.4      10.0
         20080709        9.0            8.8      10.0
         20080709       10.0            8.4      10.0
         20080721        0.1           22.8      10.0
         20080721        1.0           22.8      10.0
         20080721        2.0           22.8      10.0
         20080721        3.0           22.4      10.0
         20080721        4.0           20.2      10.0
         20080721        5.0           15.1      10.0
         20080721        6.0           12.9      10.0
         20080721        7.0           10.8      10.0
         20080721        8.0            9.9      10.0
         20080721        9.0            9.1      10.0
         20080721       10.0            8.6      10.0
         20080806        0.1           23.5      10.0
         20080806        1.0           23.2      10.0
         20080806        2.0           22.7      10.0
         20080806        3.0           22.1      10.0
         20080806        4.0           20.8      10.0
         20080806        5.0           17.2      10.0
         20080806        6.0           13.4      10.0
         20080806        7.0           11.3      10.0
         20080806        8.0            9.5      10.0
         20080806        9.0            9.2      10.0
         20080806       10.0            8.5      10.0
         20080818        0.1           22.9      10.0
         20080818        1.0           22.0      10.0
         20080818        2.0           22.8      10.0
         20080818        3.0           22.5      10.0
         20080818        4.0           20.5      10.0
         20080818        5.0           15.9      10.0
         20080818        6.0           13.0      10.0
         20080818        7.0           10.4      10.0
         20080818        8.0            9.5      10.0
         20080818        9.0            8.9      10.0
         20080818       10.0            8.6      10.0
         20080903        0.1           24.3      10.0
         20080903        1.0           22.7      10.0
         20080903        2.0           22.0      10.0
         20080903        3.0           21.0      10.0
         20080903        4.0           20.0      10.0
         20080903        5.0           16.3      10.0
         20080903        6.0           13.3      10.0
         20080903        7.0           11.0      10.0
         20080903        8.0           10.0      10.0
         20080903        9.0            9.3      10.0
         20080903       10.0            8.9      10.0
         20080924        0.1           16.7      10.0
         20080924        1.0           16.7      10.0
         20080924        2.0           16.7      10.0
         20080924        3.0           16.2      10.0
         20080924        4.0           16.1      10.0
         20080924        5.0           16.0      10.0
         20080924        6.0           15.6      10.0
         20080924        7.0           11.9      10.0
         20080924        8.0           10.2      10.0
         20080924        9.0            9.3      10.0
         20080924       10.0            9.0      10.0
         20081007        0.1           12.7      10.0
         20081007        1.0           12.7      10.0
         20081007        2.0           12.7      10.0
         20081007        3.0           12.7      10.0
         20081007        4.0           12.7      10.0
         20081007        5.0           12.7      10.0
         20081007        6.0           12.7      10.0
         20081007        7.0           12.7      10.0
         20081007        8.0           10.8      10.0
         20081007        9.0            9.5      10.0
         20081007       10.0            8.9      10.0
         20081022        0.1           10.3      10.0
         20081022        1.0           10.2      10.0
         20081022        2.0           10.1      10.0
         20081022        3.0           10.0      10.0
         20081022        4.0           10.0      10.0
         20081022        5.0           10.0      10.0
         20081022        6.0            9.8      10.0
         20081022        7.0            9.7      10.0
         20081022        8.0            9.7      10.0
         20081022        9.0            9.7      10.0
         20081022       10.0            9.4      10.0
         20081112        0.1            6.4      10.0
         20081112        1.0            6.4      10.0
         20081112        2.0            6.3      10.0
         20081112        3.0            6.2      10.0
         20081112        4.0            6.2      10.0
         20081112        5.0            6.2      10.0
         20081112        6.0            6.2      10.0
         20081112        7.0            6.2      10.0
         20081112        8.0            6.2      10.0
         20081112        9.0            6.2      10.0
         20081112       10.0            6.2      10.0
         20081112       11.0            6.2      10.0
         20090429        0.1           12.1      10.0
         20090429        1.0            9.1      10.0
         20090429        2.0            8.4      10.0
         20090429        3.0            8.1      10.0
         20090429        4.0            8.0      10.0
         20090429        5.0            7.9      10.0
         20090429        6.0            7.8      10.0
         20090429        7.0            7.5      10.0
         20090429        8.0            7.4      10.0
         20090429        9.0            7.3      10.0
         20090429       10.0            7.2      10.0
         20090429       11.0            7.1      10.0
         20090525        0.1           15.1      10.0
         20090525        1.0           14.8      10.0
         20090525        2.0           14.4      10.0
         20090525        3.0           14.0      10.0
         20090525        4.0           13.3      10.0
         20090525        5.0           12.2      10.0
         20090525        6.0           11.9      10.0
         20090525        7.0           11.0      10.0
         20090525        8.0           10.4      10.0
         20090525        9.0           10.2      10.0
         20090525       10.0            9.9      10.0
         20090525       11.0            9.5      10.0
         20090603        0.1           15.6      10.0
         20090603        1.0           15.5      10.0
         20090603        2.0           15.4      10.0
         20090603        3.0           15.3      10.0
         20090603        4.0           15.2      10.0
         20090603        5.0           15.0      10.0
         20090603        6.0           13.6      10.0
         20090603        7.0           11.1      10.0
         20090603        8.0           10.4      10.0
         20090603        9.0           10.1      10.0
         20090603       10.0            9.7      10.0
         20090603       11.0            9.5      10.0
         20090623        0.1           25.2      10.0
         20090623        1.0           23.8      10.0
         20090623        2.0           21.4      10.0
         20090623        3.0           17.6      10.0
         20090623        4.0           15.1      10.0
         20090623        5.0           13.7      10.0
         20090623        6.0           12.8      10.0
         20090623        7.0           11.7      10.0
         20090623        8.0           10.6      10.0
         20090623        9.0            9.9      10.0
         20090623       10.0            9.6      10.0
         20090623       11.0            9.4      10.0
         20090709        0.1           20.5      10.0
         20090709        1.0           19.8      10.0
         20090709        2.0           19.5      10.0
         20090709        3.0           19.3      10.0
         20090709        4.0           16.8      10.0
         20090709        5.0           14.0      10.0
         20090709        6.0           12.8      10.0
         20090709        7.0           11.5      10.0
         20090709        8.0           10.6      10.0
         20090709        9.0           10.1      10.0
         20090709       10.0            9.7      10.0
         20090709       11.0            9.5      10.0
         20090722        0.1           24.1      10.0
         20090722        1.0           22.0      10.0
         20090722        2.0           20.8      10.0
         20090722        3.0           20.1      10.0
         20090722        4.0           18.8      10.0
         20090722        5.0           15.6      10.0
         20090722        6.0           13.1      10.0
         20090722        7.0           12.0      10.0
         20090722        8.0           10.7      10.0
         20090722        9.0           10.1      10.0
         20090722       10.0            9.6      10.0
         20090722       10.5            9.5      10.0
         20090722       11.0            9.5      10.0
         20090806        0.1           21.0      10.0
         20090806        1.0           20.9      10.0
         20090806        2.0           20.4      10.0
         20090806        3.0           20.4      10.0
         20090806        4.0           20.2      10.0
         20090806        5.0           17.2      10.0
         20090806        6.0           13.6      10.0
         20090806        7.0           11.8      10.0
         20090806        8.0           10.7      10.0
         20090806        9.0           10.2      10.0
         20090806       10.0            9.7      10.0
         20090806       11.0            9.5      10.0
         20090824        0.1           22.8      10.0
         20090824        1.0           22.7      10.0
         20090824        2.0           22.3      10.0
         20090824        3.0           22.2      10.0
         20090824        4.0           21.0      10.0
         20090824        5.0           17.1      10.0
         20090824        6.0           13.6      10.0
         20090824        7.0           11.9      10.0
         20090824        8.0           11.1      10.0
         20090824        9.0           10.3      10.0
         20090824       10.0            9.7      10.0
         20090824       11.0            9.6      10.0
         20090909        0.1           22.2      10.0
         20090909        1.0           21.9      10.0
         20090909        2.0           20.5      10.0
         20090909        3.0           19.2      10.0
         20090909        4.0           18.6      10.0
         20090909        5.0           17.8      10.0
         20090909        6.0           14.9      10.0
         20090909        7.0           12.1      10.0
         20090909        8.0           10.8      10.0
         20090909        9.0           10.3      10.0
         20090909       10.0           10.0      10.0
         20090909       11.0            9.6      10.0
         20090928        0.1           16.9      10.0
         20090928        1.0           16.9      10.0
         20090928        2.0           16.9      10.0
         20090928        3.0           16.9      10.0
         20090928        4.0           16.9      10.0
         20090928        5.0           16.9      10.0
         20090928        6.0           16.8      10.0
         20090928        7.0           12.7      10.0
         20090928        8.0           11.3      10.0
         20090928        9.0           10.4      10.0
         20090928       10.0            9.9      10.0
         20090928       11.0            9.7      10.0
         20091007        0.1           12.8      10.0
         20091007        1.0           12.9      10.0
         20091007        2.0           12.9      10.0
         20091007        3.0           12.8      10.0
         20091007        4.0           12.8      10.0
         20091007        5.0           12.9      10.0
         20091007        6.0           12.8      10.0
         20091007        7.0           12.8      10.0
         20091007        8.0           12.7      10.0
         20091007        9.0           10.6      10.0
         20091007       10.0            9.9      10.0
         20091007       11.0            9.8      10.0
         20091021        0.1            9.4      10.0
         20091021        1.0            9.4      10.0
         20091021        2.0            9.4      10.0
         20091021        3.0            9.3      10.0
         20091021        4.0            9.3      10.0
         20091021        5.0            9.3      10.0
         20091021        6.0            9.3      10.0
         20091021        7.0            9.3      10.0
         20091021        8.0            9.2      10.0
         20091021        9.0            9.2      10.0
         20091021       10.0            9.2      10.0
         20091021       11.0            9.1      10.0
         20091105        0.1            7.3      10.0
         20091105        1.0            7.4      10.0
         20091105        2.0            7.4      10.0
         20091105        3.0            7.4      10.0
         20091105        4.0            7.4      10.0
         20091105        5.0            7.4      10.0
         20091105        6.0            7.4      10.0
         20091105        7.0            7.4      10.0
         20091105        8.0            7.3      10.0
         20091105        9.0            7.3      10.0
         20091105       10.0            7.3      10.0
         20091105       11.0            7.2      10.0
         20100408        0.1            8.1      10.0
         20100408        1.0            8.0      10.0
         20100408        2.0            8.0      10.0
         20100408        3.0            8.0      10.0
         20100408        4.0            7.9      10.0
         20100408        5.0            7.8      10.0
         20100408        6.0            7.6      10.0
         20100408        7.0            7.5      10.0
         20100408        8.0            7.4      10.0
         20100408        9.0            7.2      10.0
         20100408       10.0            7.2      10.0
         20100408       11.0            7.1      10.0
         20100506        0.1           14.5      10.0
         20100506        1.0           14.5      10.0
         20100506        2.0           14.5      10.0
         20100506        3.0           14.5      10.0
         20100506        4.0           14.4      10.0
         20100506        5.0           11.5      10.0
         20100506        6.0           10.8      10.0
         20100506        7.0            9.8      10.0
         20100506        8.0            8.8      10.0
         20100506        9.0            8.5      10.0
         20100506       10.0            8.3      10.0
         20100506       11.0            8.2      10.0
         20100525        0.1           26.6      10.0
         20100525        1.0           23.3      10.0
         20100525        2.0           19.8      10.0
         20100525        3.0           14.5      10.0
         20100525        4.0           12.5      10.0
         20100525        5.0           12.0      10.0
         20100525        6.0           11.5      10.0
         20100525        7.0           11.0      10.0
         20100525        8.0           10.1      10.0
         20100525        9.0            9.3      10.0
         20100525       10.0            9.0      10.0
         20100525       11.0            8.8      10.0
         20100608        0.1           18.6      10.0
         20100608        1.0           18.7      10.0
         20100608        2.0           18.7      10.0
         20100608        3.0           17.0      10.0
         20100608        4.0           13.3      10.0
         20100608        5.0           12.1      10.0
         20100608        6.0           11.4      10.0
         20100608        7.0           10.7      10.0
         20100608        8.0           10.1      10.0
         20100608        9.0            9.6      10.0
         20100608       10.0            9.0      10.0
         20100608       11.0            8.7      10.0
         20100623        0.1           21.3      10.0
         20100623        1.0           21.3      10.0
         20100623        2.0           21.3      10.0
         20100623        3.0           21.1      10.0
         20100623        4.0           16.0      10.0
         20100623        5.0           13.3      10.0
         20100623        6.0           11.4      10.0
         20100623        7.0           10.5      10.0
         20100623        8.0            9.9      10.0
         20100623        9.0            9.5      10.0
         20100623       10.0            9.2      10.0
         20100623       11.0            9.0      10.0
         20100706        0.1           23.8      10.0
         20100706        1.0           23.4      10.0
         20100706        2.0           23.2      10.0
         20100706        3.0           20.9      10.0
         20100706        4.0           18.2      10.0
         20100706        5.0           13.8      10.0
         20100706        6.0           11.9      10.0
         20100706        7.0           11.0      10.0
         20100706        8.0           10.2      10.0
         20100706        9.0            9.6      10.0
         20100706       10.0            9.2      10.0
         20100720        0.1           25.8      10.0
         20100720        1.0           25.0      10.0
         20100720        2.0           24.6      10.0
         20100720        3.0           23.7      10.0
         20100720        4.0           19.7      10.0
         20100720        5.0           14.8      10.0
         20100720        6.0           12.3      10.0
         20100720        7.0           11.0      10.0
         20100720        8.0           10.1      10.0
         20100720        9.0            9.5      10.0
         20100720       10.0            9.2      10.0
         20100720       11.0            8.9      10.0
         20100809        0.1           23.8      10.0
         20100809        1.0           22.4      10.0
         20100809        2.0           22.1      10.0
         20100809        3.0           22.0      10.0
         20100809        4.0           21.4      10.0
         20100809        5.0           16.8      10.0
         20100809        6.0           13.1      10.0
         20100809        7.0           11.3      10.0
         20100809        8.0           10.3      10.0
         20100809        9.0            9.6      10.0
         20100809       10.0            9.2      10.0
         20100809       11.0            8.9      10.0
         20100823        0.1           21.0      10.0
         20100823        1.0           20.9      10.0
         20100823        2.0           20.9      10.0
         20100823        3.0           20.8      10.0
         20100823        4.0           19.8      10.0
         20100823        5.0           17.0      10.0
         20100823        6.0           13.4      10.0
         20100823        7.0           11.2      10.0
         20100823        8.0           10.4      10.0
         20100823        9.0            9.6      10.0
         20100823       10.0            9.2      10.0
         20100909        0.1           18.5      10.0
         20100909        1.0           18.5      10.0
         20100909        2.0           18.5      10.0
         20100909        3.0           18.5      10.0
         20100909        4.0           18.5      10.0
         20100909        5.0           18.5      10.0
         20100909        6.0           15.1      10.0
         20100909        7.0           11.6      10.0
         20100909        8.0           10.4      10.0
         20100909        9.0            9.7      10.0
         20100909       10.0            9.3      10.0
         20100909       11.0            9.0      10.0
         20100927        0.1           16.3      10.0
         20100927        1.0           16.0      10.0
         20100927        2.0           15.7      10.0
         20100927        3.0           15.6      10.0
         20100927        4.0           15.6      10.0
         20100927        5.0           15.5      10.0
         20100927        6.0           15.4      10.0
         20100927        7.0           15.0      10.0
         20100927        8.0           11.7      10.0
         20100927        9.0           10.0      10.0
         20100927       10.0            9.5      10.0
         20101006        0.1           13.4      10.0
         20101006        1.0           13.4      10.0
         20101006        2.0           13.4      10.0
         20101006        3.0           13.4      10.0
         20101006        4.0           13.4      10.0
         20101006        5.0           13.4      10.0
         20101006        6.0           13.4      10.0
         20101006        7.0           13.1      10.0
         20101006        8.0           12.5      10.0
         20101006        9.0           10.6      10.0
         20101006       10.0            9.6      10.0
         20101028        0.1            9.8      10.0
         20101028        1.0            9.9      10.0
         20101028        2.0           10.0      10.0
         20101028        3.0           10.0      10.0
         20101028        4.0           10.0      10.0
         20101028        5.0           10.0      10.0
         20101028        6.0           10.0      10.0
         20101028        7.0           10.0      10.0
         20101028        8.0           10.0      10.0
         20101028        9.0           10.0      10.0
         20101028       10.0           10.0      10.0
         20101109        0.1            7.0      10.0
         20101109        1.0            6.7      10.0
         20101109        2.0            6.5      10.0
         20101109        3.0            6.5      10.0
         20101109        4.0            6.5      10.0
         20101109        5.0            6.4      10.0
         20101109        6.0            6.4      10.0
         20101109        7.0            6.4      10.0
         20101109        8.0            6.4      10.0
         20101109        9.0            6.4      10.0
         20101109       10.0            6.4      10.0
         20110506        0.1            8.7      10.0
         20110506        1.0            8.7      10.0
         20110506        2.0            8.6      10.0
         20110506        3.0            8.6      10.0
         20110506        4.0            8.6      10.0
         20110506        5.0            8.6      10.0
         20110506        6.0            8.1      10.0
         20110506        7.0            7.5      10.0
         20110506        8.0            7.3      10.0
         20110506        9.0            7.2      10.0
         20110506       10.0            7.1      10.0
         20110506       11.0            7.0      10.0
         20110524        0.1           17.9      10.0
         20110524        1.0           17.7      10.0
         20110524        2.0           16.9      10.0
         20110524        3.0           12.9      10.0
         20110524        4.0           11.9      10.0
         20110524        5.0           10.8      10.0
         20110524        6.0            8.9      10.0
         20110524        7.0            8.0      10.0
         20110524        8.0            7.7      10.0
         20110524        9.0            7.4      10.0
         20110524       10.0            7.3      10.0
         20110524       11.0            7.0      10.0
         20110607        0.1           21.1      10.0
         20110607        1.0           21.0      10.0
         20110607        2.0           20.8      10.0
         20110607        3.0           17.8      10.0
         20110607        4.0           15.5      10.0
         20110607        5.0           11.9      10.0
         20110607        6.0            9.8      10.0
         20110607        7.0            8.7      10.0
         20110607        8.0            8.2      10.0
         20110607        9.0            7.8      10.0
         20110607       10.0            7.5      10.0
         20110607       11.0            7.1      10.0
         20110624        0.1           20.2      10.0
         20110624        1.0           20.2      10.0
         20110624        2.0           20.3      10.0
         20110624        3.0           19.9      10.0
         20110624        4.0           15.6      10.0
         20110624        5.0           11.9      10.0
         20110624        6.0           10.5      10.0
         20110624        7.0            9.3      10.0
         20110624        8.0            8.0      10.0
         20110624        9.0            7.6      10.0
         20110624       10.0            7.3      10.0
         20110706        0.1           24.0      10.0
         20110706        1.0           23.5      10.0
         20110706        2.0           23.3      10.0
         20110706        3.0           19.9      10.0
         20110706        4.0           16.9      10.0
         20110706        5.0           14.1      10.0
         20110706        6.0           11.1      10.0
         20110706        7.0            9.1      10.0
         20110706        8.0            8.3      10.0
         20110706        9.0            7.8      10.0
         20110706       10.0            7.6      10.0
         20110706       11.0            7.3      10.0
         20110720        0.1           26.4      10.0
         20110720        1.0           26.4      10.0
         20110720        2.0           26.2      10.0
         20110720        3.0           23.5      10.0
         20110720        4.0           18.1      10.0
         20110720        5.0           13.7      10.0
         20110720        6.0           10.7      10.0
         20110720        7.0            9.0      10.0
         20110720        8.0            8.2      10.0
         20110720        9.0            7.6      10.0
         20110720       10.0            7.4      10.0
         20110720       11.0            7.4      10.0
         20110804        0.1           25.4      10.0
         20110804        1.0           24.2      10.0
         20110804        2.0           23.9      10.0
         20110804        3.0           23.5      10.0
         20110804        4.0           20.3      10.0
         20110804        5.0           14.1      10.0
         20110804        6.0           11.6      10.0
         20110804        7.0            9.7      10.0
         20110804        8.0            8.6      10.0
         20110804        9.0            8.1      10.0
         20110804       10.0            7.6      10.0
         20110823        0.1           21.4      10.0
         20110823        1.0           21.4      10.0
         20110823        2.0           21.4      10.0
         20110823        3.0           21.4      10.0
         20110823        4.0           21.4      10.0
         20110823        5.0           16.9      10.0
         20110823        6.0           12.1      10.0
         20110823        7.0           10.2      10.0
         20110823        8.0            8.8      10.0
         20110823        9.0            8.0      10.0
         20110823       10.0            7.7      10.0
         20110823       11.0            7.5      10.0
         20110906        0.1           19.4      10.0
         20110906        1.0           19.5      10.0
         20110906        2.0           19.5      10.0
         20110906        3.0           19.5      10.0
         20110906        4.0           19.5      10.0
         20110906        5.0           17.4      10.0
         20110906        6.0           13.3      10.0
         20110906        7.0           10.4      10.0
         20110906        8.0            8.9      10.0
         20110906        9.0            8.2      10.0
         20110906       10.0            7.7      10.0
         20110906       11.0            7.6      10.0
         20110926        0.1           18.4      10.0
         20110926        1.0           17.7      10.0
         20110926        2.0           17.5      10.0
         20110926        3.0           17.0      10.0
         20110926        4.0           16.8      10.0
         20110926        5.0           16.6      10.0
         20110926        6.0           14.8      10.0
         20110926        7.0           10.4      10.0
         20110926        8.0            9.5      10.0
         20110926        9.0            8.6      10.0
         20110926       10.0            7.9      10.0
         20111012        0.1           15.7      10.0
         20111012        1.0           15.7      10.0
         20111012        2.0           15.5      10.0
         20111012        3.0           14.5      10.0
         20111012        4.0           13.9      10.0
         20111012        5.0           13.7      10.0
         20111012        6.0           13.5      10.0
         20111012        7.0           12.9      10.0
         20111012        8.0           10.4      10.0
         20111012        9.0            8.7      10.0
         20111012       10.0            8.2      10.0
         20111012       11.0            8.0      10.0
         20111026        0.1           10.1      10.0
         20111026        1.0           10.2      10.0
         20111026        2.0           10.2      10.0
         20111026        3.0           10.2      10.0
         20111026        4.0           10.3      10.0
         20111026        5.0           10.3      10.0
         20111026        6.0           10.3      10.0
         20111026        7.0           10.3      10.0
         20111026        8.0           10.3      10.0
         20111026        9.0           10.3      10.0
         20111026       10.0           10.3      10.0
         20111026       11.0           10.3      10.0
         20111107        0.1            7.8      10.0
         20111107        1.0            7.8      10.0
         20111107        2.0            7.8      10.0
         20111107        3.0            7.8      10.0
         20111107        4.0            7.7      10.0
         20111107        5.0            7.7      10.0
         20111107        6.0            7.7      10.0
         20111107        7.0            7.7      10.0
         20111107        8.0            7.7      10.0
         20111107        9.0            7.7      10.0
         20111107       10.0            7.7      10.0
         20111107       10.0            7.7      10.0
         20120404        0.1            5.1      10.0
         20120404        1.0            5.1      10.0
         20120404        2.0            5.0      10.0
         20120404        3.0            5.0      10.0
         20120404        4.0            5.0      10.0
         20120404        5.0            5.0      10.0
         20120404        6.0            5.0      10.0
         20120404        7.0            5.0      10.0
         20120404        8.0            4.9      10.0
         20120404        9.0            4.8      10.0
         20120404       10.0            4.7      10.0
         20120404       11.0            4.6      10.0
         20120507        0.1           13.1      10.0
         20120507        1.0           12.8      10.0
         20120507        2.0           11.2      10.0
         20120507        3.0           10.2      10.0
         20120507        4.0            9.1      10.0
         20120507        5.0            8.4      10.0
         20120507        6.0            8.2      10.0
         20120507        7.0            8.0      10.0
         20120507        8.0            7.8      10.0
         20120507        9.0            7.7      10.0
         20120507       10.0            7.7      10.0
         20120507       11.0            7.6      10.0
         20120528        0.1           21.4      10.0
         20120528        1.0           21.3      10.0
         20120528        2.0           21.2      10.0
         20120528        3.0           15.3      10.0
         20120528        4.0           11.5      10.0
         20120528        5.0            9.3      10.0
         20120528        6.0            8.6      10.0
         20120528        7.0            8.0      10.0
         20120528        8.0            7.8      10.0
         20120528        9.0            7.6      10.0
         20120528       10.0            7.5      10.0
         20120528       11.0            7.4      10.0
         20120611        0.1           22.8      10.0
         20120611        1.0           22.7      10.0
         20120611        2.0           22.5      10.0
         20120611        3.0           17.3      10.0
         20120611        4.0           13.6      10.0
         20120611        5.0           10.5      10.0
         20120611        6.0            8.9      10.0
         20120611        7.0            8.4      10.0
         20120611        8.0            8.0      10.0
         20120611        9.0            7.7      10.0
         20120611       10.0            7.5      10.0
         20120611       10.0            7.4      10.0
         20120625        0.1           22.2      10.0
         20120625        1.0           22.2      10.0
         20120625        2.0           22.1      10.0
         20120625        3.0           19.2      10.0
         20120625        4.0           15.6      10.0
         20120625        5.0           11.7      10.0
         20120625        6.0            9.6      10.0
         20120625        7.0            8.3      10.0
         20120625        8.0            7.9      10.0
         20120625        9.0            7.7      10.0
         20120625       10.0            7.4      10.0
         20120625       11.0            7.3      10.0
         20120704        0.1           23.6      10.0
         20120704        1.0           23.2      10.0
         20120704        2.0           23.0      10.0
         20120704        3.0           22.9      10.0
         20120704        4.0           16.9      10.0
         20120704        5.0           11.8      10.0
         20120704        6.0            9.6      10.0
         20120704        7.0            8.8      10.0
         20120704        8.0            8.2      10.0
         20120704        9.0            7.9      10.0
         20120704       10.0            7.5      10.0
         20120725        0.1           24.8      10.0
         20120725        1.0           24.9      10.0
         20120725        2.0           24.8      10.0
         20120725        3.0           24.6      10.0
         20120725        4.0           20.7      10.0
         20120725        5.0           13.7      10.0
         20120725        6.0           10.3      10.0
         20120725        7.0            9.1      10.0
         20120725        8.0            8.6      10.0
         20120725        9.0            7.9      10.0
         20120725       10.0            7.5      10.0
         20120815        0.1           21.0      10.0
         20120815        1.0           21.0      10.0
         20120815        2.0           21.0      10.0
         20120815        3.0           20.9      10.0
         20120815        4.0           20.3      10.0
         20120815        5.0           16.7      10.0
         20120815        6.0           11.2      10.0
         20120815        7.0            9.6      10.0
         20120815        8.0            8.5      10.0
         20120815        9.0            7.9      10.0
         20120815       10.0            7.6      10.0
         20120823        0.1           20.7      10.0
         20120823        1.0           20.6      10.0
         20120823        2.0           20.6      10.0
         20120823        3.0           20.5      10.0
         20120823        4.0           19.9      10.0
         20120823        5.0           18.7      10.0
         20120823        6.0           11.8      10.0
         20120823        7.0            9.3      10.0
         20120823        8.0            8.5      10.0
         20120823        9.0            8.0      10.0
         20120823       10.0            7.6      10.0
         20120904        0.1           22.7      10.0
         20120904        1.0           22.6      10.0
         20120904        2.0           22.1      10.0
         20120904        3.0           21.9      10.0
         20120904        4.0           21.2      10.0
         20120904        5.0           18.3      10.0
         20120904        6.0           12.7      10.0
         20120904        7.0           10.0      10.0
         20120904        8.0            8.8      10.0
         20120904        9.0            7.9      10.0
         20120925        0.1           14.9      10.0
         20120925        1.0           14.9      10.0
         20120925        2.0           14.8      10.0
         20120925        3.0           14.8      10.0
         20120925        4.0           14.7      10.0
         20120925        5.0           14.6      10.0
         20120925        6.0           14.6      10.0
         20120925        7.0           14.3      10.0
         20120925        8.0            9.3      10.0
         20120925        9.0            8.3      10.0
         20120925       10.0            7.9      10.0
         20121003        0.1           14.5      10.0
         20121003        1.0           14.3      10.0
         20121003        2.0           14.3      10.0
         20121003        3.0           14.2      10.0
         20121003        4.0           14.2      10.0
         20121003        5.0           14.2      10.0
         20121003        6.0           14.1      10.0
         20121003        7.0           12.5      10.0
         20121003        8.0            9.4      10.0
         20121003        9.0            8.2      10.0
         20121003       10.0            7.8      10.0
         20121022        0.1           10.2      10.0
         20121022        1.0           10.2      10.0
         20121022        2.0           10.2      10.0
         20121022        3.0           10.2      10.0
         20121022        4.0           10.2      10.0
         20121022        5.0           10.1      10.0
         20121022        6.0           10.1      10.0
         20121022        7.0           10.1      10.0
         20121022        8.0           10.1      10.0
         20121022        9.0           10.1      10.0
         20121022       10.0           10.1      10.0
         20121022       11.0           10.1      10.0
         20121114        0.1            5.6      10.0
         20121114        1.0            5.6      10.0
         20121114        2.0            5.6      10.0
         20121114        3.0            5.5      10.0
         20121114        4.0            5.5      10.0
         20121114        5.0            5.5      10.0
         20121114        6.0            5.5      10.0
         20121114        7.0            5.5      10.0
         20121114        8.0            5.5      10.0
         20121114        9.0            5.5      10.0
         20121114       10.0            5.4      10.0
         20130506        0.1           18.1      10.0
         20130506        1.0           17.1      10.0
         20130506        2.0           13.0      10.0
         20130506        3.0            9.6      10.0
         20130506        4.0            8.0      10.0
         20130506        5.0            6.9      10.0
         20130506        6.0            6.2      10.0
         20130506        7.0            5.8      10.0
         20130506        8.0            5.6      10.0
         20130506        9.0            5.4      10.0
         20130506       10.0            5.4      10.0
         20130527        0.1           15.1      10.0
         20130527        1.0           14.0      10.0
         20130527        2.0           13.8      10.0
         20130527        3.0           13.8      10.0
         20130527        4.0           13.0      10.0
         20130527        5.0           11.2      10.0
         20130527        6.0            9.8      10.0
         20130527        7.0            7.4      10.0
         20130527        8.0            6.7      10.0
         20130527        9.0            6.5      10.0
         20130527       10.0            6.3      10.0
         20130527       11.0            6.3      10.0
         20130606        0.1           16.9      10.0
         20130606        1.0           16.9      10.0
         20130606        2.0           16.8      10.0
         20130606        3.0           16.8      10.0
         20130606        4.0           14.7      10.0
         20130606        5.0           11.9      10.0
         20130606        6.0            8.9      10.0
         20130606        7.0            8.1      10.0
         20130606        8.0            7.5      10.0
         20130606        9.0            7.0      10.0
         20130606       10.0            6.8      10.0
         20130625        0.1           24.1      10.0
         20130625        1.0           24.1      10.0
         20130625        2.0           24.1      10.0
         20130625        3.0           19.6      10.0
         20130625        4.0           15.9      10.0
         20130625        5.0           12.9      10.0
         20130625        6.0           10.6      10.0
         20130625        7.0            9.1      10.0
         20130625        8.0            8.2      10.0
         20130625        9.0            7.5      10.0
         20130625       10.0            7.0      10.0
         20130625       11.0            6.7      10.0
         20130704        0.1           22.8      10.0
         20130704        1.0           22.8      10.0
         20130704        2.0           22.3      10.0
         20130704        3.0           20.9      10.0
         20130704        4.0           16.5      10.0
         20130704        5.0           12.5      10.0
         20130704        6.0            9.9      10.0
         20130704        7.0            8.2      10.0
         20130704        8.0            7.8      10.0
         20130704        9.0            7.1      10.0
         20130704       10.0            6.8      10.0
         20130722        0.1           24.5      10.0
         20130722        1.0           24.6      10.0
         20130722        2.0           24.5      10.0
         20130722        3.0           23.7      10.0
         20130722        4.0           17.7      10.0
         20130722        5.0           12.9      10.0
         20130722        6.0           10.7      10.0
         20130722        7.0            9.0      10.0
         20130722        8.0            8.3      10.0
         20130722        9.0            7.7      10.0
         20130722       10.0            6.9      10.0
         20130808        0.1           22.4      10.0
         20130808        1.0           21.5      10.0
         20130808        2.0           21.1      10.0
         20130808        3.0           21.1      10.0
         20130808        4.0           20.7      10.0
         20130808        5.0           14.3      10.0
         20130808        6.0           10.8      10.0
         20130808        7.0            9.2      10.0
         20130808        8.0            8.3      10.0
         20130808        9.0            7.5      10.0
         20130808       10.0            7.0      10.0
         20130823        0.1           22.0      10.0
         20130823        1.0           22.0      10.0
         20130823        2.0           22.0      10.0
         20130823        3.0           21.2      10.0
         20130823        4.0           19.7      10.0
         20130823        5.0           16.2      10.0
         20130823        6.0           11.4      10.0
         20130823        7.0            9.2      10.0
         20130823        8.0            8.3      10.0
         20130823        9.0            7.4      10.0
         20130823       10.0            7.0      10.0
         20130903        0.1           21.3      10.0
         20130903        1.0           21.4      10.0
         20130903        2.0           21.4      10.0
         20130903        3.0           21.4      10.0
         20130903        4.0           21.4      10.0
         20130903        5.0           16.9      10.0
         20130903        6.0           12.1      10.0
         20130903        7.0            9.6      10.0
         20130903        8.0            8.4      10.0
         20130903        9.0            7.7      10.0
         20130903       10.0            7.2      10.0
         20130924        0.1           16.8      10.0
         20130924        1.0           15.9      10.0
         20130924        2.0           15.7      10.0
         20130924        3.0           15.6      10.0
         20130924        4.0           15.6      10.0
         20130924        5.0           15.5      10.0
         20130924        6.0           15.1      10.0
         20130924        7.0           11.0      10.0
         20130924        8.0            9.1      10.0
         20130924        9.0            8.3      10.0
         20130924       10.0            7.6      10.0
         20130924       10.9            7.4      10.0
         20131010        0.1           15.3      10.0
         20131010        1.0           14.9      10.0
         20131010        2.0           14.8      10.0
         20131010        3.0           14.7      10.0
         20131010        4.0           14.7      10.0
         20131010        5.0           14.5      10.0
         20131010        6.0           14.4      10.0
         20131010        7.0           12.5      10.0
         20131010        8.0            9.8      10.0
         20131010        9.0            8.2      10.0
         20131010       10.0            7.9      10.0
         20131028        0.1            9.0      10.0
         20131028        1.0            9.1      10.0
         20131028        2.0            9.1      10.0
         20131028        3.0            9.1      10.0
         20131028        4.0            9.1      10.0
         20131028        5.0            9.1      10.0
         20131028        6.0            9.1      10.0
         20131028        7.0            9.1      10.0
         20131028        8.0            9.1      10.0
         20131028        9.0            9.1      10.0
         20131028       10.0            9.1      10.0
         20131028       11.0            9.1      10.0
         20131114        0.1            4.2      10.0
         20131114        1.0            4.2      10.0
         20131114        2.0            4.2      10.0
         20131114        3.0            4.1      10.0
         20131114        4.0            4.1      10.0
         20131114        5.0            4.1      10.0
         20131114        6.0            4.1      10.0
         20131114        7.0            4.1      10.0
         20131114        8.0            4.1      10.0
         20131114        9.0            4.0      10.0
         20131114       10.0            4.0      10.0
         20131114       11.0            4.0      10.0
         20140507        0.1            7.3      10.0
         20140507        1.0            7.2      10.0
         20140507        2.0            7.0      10.0
         20140507        3.0            6.8      10.0
         20140507        4.0            6.5      10.0
         20140507        5.0            6.3      10.0
         20140507        6.0            6.1      10.0
         20140507        7.0            5.7      10.0
         20140507        8.0            5.5      10.0
         20140507        9.0            5.4      10.0
         20140507       10.0            5.4      10.0
         20140507       11.0            5.4      10.0
         20140604        0.1           20.0      10.0
         20140604        1.0           20.0      10.0
         20140604        2.0           20.1      10.0
         20140604        3.0           20.1      10.0
         20140604        4.0           12.6      10.0
         20140604        5.0            9.5      10.0
         20140604        6.0            8.1      10.0
         20140604        7.0            7.4      10.0
         20140604        8.0            6.9      10.0
         20140604        9.0            6.5      10.0
         20140604       10.0            6.3      10.0
         20140604       11.0            6.1      10.0
         20140623        0.1           22.5      10.0
         20140623        1.0           22.3      10.0
         20140623        2.0           21.1      10.0
         20140623        3.0           19.4      10.0
         20140623        4.0           15.5      10.0
         20140623        5.0           10.4      10.0
         20140623        6.0            8.6      10.0
         20140623        7.0            7.6      10.0
         20140623        8.0            7.0      10.0
         20140623        9.0            6.7      10.0
         20140623       10.0            6.4      10.0
         20140702        0.1           24.2      10.0
         20140702        1.0           24.2      10.0
         20140702        2.0           24.1      10.0
         20140702        3.0           24.0      10.0
         20140702        4.0           18.2      10.0
         20140702        5.0           11.7      10.0
         20140702        6.0            9.2      10.0
         20140702        7.0            8.1      10.0
         20140702        8.0            7.5      10.0
         20140702        9.0            6.8      10.0
         20140728        0.1           21.0      10.0
         20140728        1.0           21.0      10.0
         20140728        2.0           20.9      10.0
         20140728        3.0           20.2      10.0
         20140728        4.0           17.5      10.0
         20140728        5.0           13.2      10.0
         20140728        6.0           10.1      10.0
         20140728        7.0            8.3      10.0
         20140728        8.0            7.7      10.0
         20140728        9.0            7.0      10.0
         20140728       10.0            6.6      10.0
         20140811        0.1           23.6      10.0
         20140811        1.0           23.4      10.0
         20140811        2.0           23.0      10.0
         20140811        3.0           21.5      10.0
         20140811        4.0           18.6      10.0
         20140811        5.0           14.6      10.0
         20140811        6.0           10.5      10.0
         20140811        7.0            8.7      10.0
         20140811        8.0            7.7      10.0
         20140811        9.0            7.0      10.0
         20140811       10.0            7.1      10.0
         20140825        0.1           22.7      10.0
         20140825        1.0           22.6      10.0
         20140825        2.0           22.2      10.0
         20140825        3.0           21.4      10.0
         20140825        4.0           18.2      10.0
         20140825        5.0           14.5      10.0
         20140825        6.0           10.5      10.0
         20140825        7.0            8.8      10.0
         20140825        8.0            7.8      10.0
         20140825        9.0            7.2      10.0
         20140902        0.1           21.6      10.0
         20140902        1.0           21.6      10.0
         20140902        2.0           21.4      10.0
         20140902        3.0           21.3      10.0
         20140902        4.0           18.7      10.0
         20140902        5.0           15.5      10.0
         20140902        6.0           11.4      10.0
         20140902        7.0            8.3      10.0
         20140902        8.0            7.8      10.0
         20140902        9.0            7.2      10.0
         20140902       10.0            6.9      10.0
         20140902       11.0            6.8      10.0
         20140923        0.1           14.2      10.0
         20140923        1.0           14.2      10.0
         20140923        2.0           14.2      10.0
         20140923        3.0           14.2      10.0
         20140923        4.0           14.2      10.0
         20140923        5.0           14.1      10.0
         20140923        6.0           14.1      10.0
         20140923        7.0           10.5      10.0
         20140923        8.0            8.1      10.0
         20140923        9.0            7.4      10.0
         20140923       10.0            7.1      10.0
         20140923       11.0            6.9      10.0
         20141007        0.1           13.9      10.0
         20141007        1.0           13.9      10.0
         20141007        2.0           13.9      10.0
         20141007        3.0           13.9      10.0
         20141007        4.0           13.9      10.0
         20141007        5.0           13.8      10.0
         20141007        6.0           13.8      10.0
         20141007        7.0           12.8      10.0
         20141007        8.0            9.1      10.0
         20141007        9.0            8.0      10.0
         20141007       10.0            7.2      10.0
         20141007       10.9            7.2      10.0
         20141027        0.1            9.6      10.0
         20141027        1.0            9.7      10.0
         20141027        2.0            9.7      10.0
         20141027        3.0            9.7      10.0
         20141027        4.0            9.7      10.0
         20141027        5.0            9.7      10.0
         20141027        6.0            9.7      10.0
         20141027        7.0            9.7      10.0
         20141027        8.0            9.7      10.0
         20141027        9.0            9.6      10.0
         20141027       10.0            9.6      10.0
         20141027       11.0            7.5      10.0
         20141114        0.1            4.7      10.0
         20141114        1.0            4.7      10.0
         20141114        2.0            4.8      10.0
         20141114        3.0            4.8      10.0
         20141114        4.0            4.8      10.0
         20141114        5.0            4.8      10.0
         20141114        6.0            4.8      10.0
         20141114        7.0            4.8      10.0
         20141114        8.0            4.8      10.0
         20141114        9.0            4.8      10.0
         20141114       10.0            4.8      10.0
         20141114       11.0            4.8      10.0
