Observation #: 1427
------------------------------------------------------
Time(YYYYMMDD)    Depth(m)  Value(celsius)     Std(%)
19960213               0.00          1.5000       10.0
19960213               1.00          4.0000       10.0
19960213               2.00          4.2000       10.0
19960213               3.00          3.3000       10.0
19960412               0.00          9.8000       10.0
19960412               1.00          9.8000       10.0
19960412               2.00          9.8000       10.0
19960412               3.00          9.8000       10.0
19960502               0.00         10.4000       10.0
19960502               1.00         10.4000       10.0
19960502               2.00         10.4000       10.0
19960502               3.00         10.4000       10.0
19960515               0.00         12.5000       10.0
19960515               1.00         12.2000       10.0
19960515               2.00         12.0000       10.0
19960515               3.00         11.9000       10.0
19960530               0.00         18.7000       10.0
19960530               1.00         17.2000       10.0
19960530               2.00         15.6000       10.0
19960530               3.00         14.2000       10.0
19960530               3.25         14.2000       10.0
19960611               0.00         19.0000       10.0
19960611               1.00         18.8000       10.0
19960611               2.00         18.6000       10.0
19960611               3.00         17.4000       10.0
19960611               3.50         17.1000       10.0
19960624               0.00         22.6000       10.0
19960624               1.00         22.6000       10.0
19960624               2.00         22.6000       10.0
19960624               3.00         22.5000       10.0
19960710               0.00         23.6000       10.0
19960710               1.00         23.5000       10.0
19960710               2.00         23.4000       10.0
19960710               3.00         23.1000       10.0
19960710               3.50         23.1000       10.0
19960724               0.00         23.1000       10.0
19960724               1.00         23.1000       10.0
19960724               2.00         23.1000       10.0
19960724               3.00         23.1000       10.0
19960807               0.00         26.4000       10.0
19960807               1.00         26.4000       10.0
19960807               2.00         26.3000       10.0
19960807               3.00         23.4000       10.0
19960807               3.50         23.0000       10.0
19960821               0.00         26.0000       10.0
19960821               1.00         25.3000       10.0
19960821               2.00         23.9000       10.0
19960821               3.00         23.6000       10.0
19960906               0.00         25.8000       10.0
19960906               1.00         25.8000       10.0
19960906               2.00         25.6000       10.0
19960906               3.00         23.9000       10.0
19961001               0.00         16.4000       10.0
19961001               1.00         16.3000       10.0
19961001               2.00         16.2000       10.0
19961001               3.00         16.1000       10.0
19961001               3.50         16.0000       10.0
19961015               0.00         14.4000       10.0
19961015               1.00         13.6000       10.0
19961015               2.00         13.1000       10.0
19961015               3.00         13.0000       10.0
19961107               0.00          5.5000       10.0
19961107               1.00          5.5000       10.0
19961107               2.00          5.5000       10.0
19961107               2.50          5.5000       10.0
19970115               0.00          0.6000       10.0
19970115               1.00          3.2000       10.0
19970115               2.00          4.0000       10.0
19970115               3.00          4.1000       10.0
19970410               0.00          6.6000       10.0
19970410               1.00          6.6000       10.0
19970410               2.00          6.6000       10.0
19970410               3.00          6.4000       10.0
19970410               3.50          6.4000       10.0
19970505               0.00         13.7000       10.0
19970505               1.00         13.6000       10.0
19970505               2.00         13.5000       10.0
19970505               3.00         13.5000       10.0
19970505               3.50         13.5000       10.0
19970516               0.00         12.0000       10.0
19970516               1.00         12.0000       10.0
19970516               2.00         12.0000       10.0
19970516               3.00         12.0000       10.0
19970611               0.00         24.0000       10.0
19970611               1.00         23.9000       10.0
19970611               2.00         23.8000       10.0
19970611               3.00         23.3000       10.0
19970611               3.50         23.3000       10.0
19970612               0.00         24.1000       10.0
19970612               1.00         22.8000       10.0
19970612               2.00         21.5000       10.0
19970612               3.00         19.9000       10.0
19970624               0.00         27.0000       10.0
19970624               1.00         26.8000       10.0
19970624               2.00         25.0000       10.0
19970624               3.00         23.3000       10.0
19970624               3.50         23.1000       10.0
19970708               0.00         23.0000       10.0
19970708               1.00         22.9000       10.0
19970708               2.00         22.6000       10.0
19970708               3.00         21.0000       10.0
19970708               3.50         20.3000       10.0
19970725               0.00         25.0000       10.0
19970725               1.00         25.1000       10.0
19970725               2.00         24.1000       10.0
19970725               3.00         23.5000       10.0
19970819               0.00         21.2000       10.0
19970819               1.00         21.3000       10.0
19970819               2.00         21.3000       10.0
19970819               3.00         20.8000       10.0
19970911               0.00         20.5000       10.0
19970911               1.00         20.5000       10.0
19970911               2.00         20.4000       10.0
19970911               3.00         19.9000       10.0
19971028               0.00          5.8000       10.0
19971028               1.00          5.7000       10.0
19971028               2.00          5.7000       10.0
19971028               3.00          5.7000       10.0
19971120               0.00          1.6000       10.0
19971120               1.00          1.2000       10.0
19971120               2.00          1.2000       10.0
19971120               3.00          1.2000       10.0
19980325               0.00          5.1000       10.0
19980325               1.00          5.1000       10.0
19980325               2.00          5.1000       10.0
19980325               3.00          5.1000       10.0
19980415               1.00         10.5000       10.0
19980415               2.00         10.5000       10.0
19980423               0.00         14.8000       10.0
19980423               1.00         14.5000       10.0
19980423               2.00         13.2000       10.0
19980423               3.00         12.3000       10.0
19980423               3.50         11.8000       10.0
19980512               0.00         19.1000       10.0
19980512               1.00         18.8000       10.0
19980512               2.00         18.7000       10.0
19980512               3.00         16.8000       10.0
19980524               0.00         20.8000       10.0
19980524               1.00         20.6000       10.0
19980524               2.00         19.2000       10.0
19980524               3.00         17.7000       10.0
19980610               0.00         18.3000       10.0
19980610               1.00         17.6000       10.0
19980610               2.00         17.4000       10.0
19980610               3.00         17.1000       10.0
19980624               0.00         26.0000       10.0
19980624               1.00         25.9000       10.0
19980624               2.00         25.5000       10.0
19980624               3.00         22.9000       10.0
19980624               3.20         22.8000       10.0
19980707               0.00         24.8000       10.0
19980707               1.00         24.3000       10.0
19980707               2.00         24.0000       10.0
19980707               3.00         23.9000       10.0
19980724               0.00         24.6000       10.0
19980724               1.00         24.7000       10.0
19980724               2.00         24.4000       10.0
19980724               3.00         24.4000       10.0
19980724               3.20         24.4000       10.0
19980807               0.00         23.5000       10.0
19980807               1.00         23.3000       10.0
19980807               2.00         23.2000       10.0
19980807               3.00         22.9000       10.0
19980807               4.00         22.7000       10.0
19980819               0.00         23.7000       10.0
19980819               1.00         23.7000       10.0
19980819               2.00         23.6000       10.0
19980819               3.00         23.2000       10.0
19980831               0.00         25.1000       10.0
19980831               1.00         24.1000       10.0
19980831               2.00         23.6000       10.0
19980831               3.00         23.0000       10.0
19980929               0.00         20.7000       10.0
19980929               1.00         20.6000       10.0
19980929               2.00         20.4000       10.0
19980929               3.00         20.1000       10.0
19981026               0.00         12.4000       10.0
19981026               1.00         12.3000       10.0
19981026               2.00         11.8000       10.0
19981026               3.00         11.7000       10.0
19981124               0.00          4.9000       10.0
19981124               1.00          4.6000       10.0
19981124               2.00          4.4000       10.0
19981124               3.00          4.3000       10.0
19990126               0.00          1.7000       10.0
19990126               1.00          2.5000       10.0
19990126               2.00          3.0000       10.0
19990126               3.00          3.8000       10.0
19990224               0.00          6.0000       10.0
19990224               1.00          6.1000       10.0
19990224               2.00          6.8000       10.0
19990224               3.00          6.2000       10.0
19990330               0.00          8.7000       10.0
19990330               1.00          8.6000       10.0
19990330               2.00          8.6000       10.0
19990330               3.00          8.6000       10.0
19990413               0.00         12.9000       10.0
19990413               1.00         10.5000       10.0
19990413               2.00          9.9000       10.0
19990413               3.00          9.1000       10.0
19990428               0.00         12.4000       10.0
19990428               1.00         12.4000       10.0
19990428               2.00         12.4000       10.0
19990428               3.00         12.4000       10.0
19990511               0.00         17.6000       10.0
19990511               1.00         17.6000       10.0
19990511               2.00         17.5000       10.0
19990511               3.00         17.3000       10.0
19990524               0.00         17.9000       10.0
19990524               1.00         17.8000       10.0
19990524               2.00         17.9000       10.0
19990524               3.00         17.9000       10.0
19990608               0.00         24.5000       10.0
19990608               2.00         23.7000       10.0
19990608               3.00         23.2000       10.0
19990622               0.00         24.4000       10.0
19990622               1.00         24.4000       10.0
19990622               2.00         23.0000       10.0
19990622               3.00         21.7000       10.0
19990709               0.00         25.8000       10.0
19990709               1.00         25.8000       10.0
19990709               2.00         25.8000       10.0
19990709               3.00         25.8000       10.0
19990719               0.00         26.1000       10.0
19990719               1.00         26.0000       10.0
19990719               2.00         25.7000       10.0
19990719               3.00         25.5000       10.0
19990803               0.00         26.5000       10.0
19990803               1.00         26.6000       10.0
19990803               2.00         26.6000       10.0
19990803               3.00         26.6000       10.0
19990817               0.00         23.2000       10.0
19990817               1.00         23.1000       10.0
19990817               2.00         22.9000       10.0
19990817               3.00         22.4000       10.0
19990831               0.00         22.6000       10.0
19990831               1.00         22.5000       10.0
19990831               2.00         22.3000       10.0
19990831               3.00         22.1000       10.0
19990928               0.00         16.6000       10.0
19990928               1.00         16.7000       10.0
19990928               2.00         16.8000       10.0
19990928               3.00         16.7000       10.0
19991025               0.00          8.2000       10.0
19991025               1.00          8.3000       10.0
19991025               2.00          8.1000       10.0
19991025               3.00          8.1000       10.0
19991129               0.00          4.6000       10.0
19991129               1.00          4.6000       10.0
19991129               2.00          4.6000       10.0
19991129               3.00          4.6000       10.0
20000126               0.00          2.3000       10.0
20000126               1.00          3.7000       10.0
20000126               2.00          4.6000       10.0
20000126               3.00          5.2000       10.0
20000224               0.00          1.6000       10.0
20000224               1.00          3.9000       10.0
20000224               2.00          4.8000       10.0
20000224               3.00          4.8000       10.0
20000316               0.00          6.2000       10.0
20000316               1.00          6.2000       10.0
20000316               2.00          6.2000       10.0
20000316               3.00          6.1000       10.0
20000327               0.00          8.1000       10.0
20000327               1.00          8.1000       10.0
20000327               2.00          8.1000       10.0
20000327               3.00          8.1000       10.0
20000412               0.00          6.4000       10.0
20000412               1.00          6.4000       10.0
20000412               2.00          6.4000       10.0
20000412               3.00          6.4000       10.0
20000426               0.00         13.7000       10.0
20000426               1.00         13.3000       10.0
20000426               2.00         13.2000       10.0
20000510               0.00         19.9000       10.0
20000510               1.00         20.0000       10.0
20000510               2.00         19.8000       10.0
20000510               3.00         19.5000       10.0
20000510               3.60         19.5000       10.0
20000524               0.00         18.6000       10.0
20000524               1.00         18.6000       10.0
20000524               1.50         18.6000       10.0
20000524               2.00         18.5000       10.0
20000524               2.50         18.4000       10.0
20000524               3.00         16.5000       10.0
20000524               3.50         16.0000       10.0
20000524               3.80         15.9000       10.0
20000605               0.00         17.7000       10.0
20000605               1.00         17.6000       10.0
20000605               2.00         17.5000       10.0
20000605               3.00         17.4000       10.0
20000605               4.00         17.4000       10.0
20000620               0.00         22.1000       10.0
20000620               1.00         22.0000       10.0
20000620               1.50         22.0000       10.0
20000620               2.00         21.9000       10.0
20000620               2.50         21.8000       10.0
20000620               3.00         21.7000       10.0
20000620               3.50         20.0000       10.0
20000620               3.80         20.0000       10.0
20000704               0.00         23.7000       10.0
20000704               1.00         23.6000       10.0
20000704               2.00         23.2000       10.0
20000704               3.00         22.7000       10.0
20000704               3.70         22.1000       10.0
20000718               0.00         25.0000       10.0
20000718               1.00         25.1000       10.0
20000718               2.00         25.0000       10.0
20000718               3.00         25.0000       10.0
20000718               3.60         24.5000       10.0
20000801               0.00         23.7000       10.0
20000801               1.00         23.7000       10.0
20000801               1.50         23.7000       10.0
20000801               2.00         23.7000       10.0
20000801               2.50         23.6000       10.0
20000801               3.00         23.3000       10.0
20000801               3.50         23.2000       10.0
20000801               3.60         23.1000       10.0
20000814               0.00         25.8000       10.0
20000814               0.50         25.8000       10.0
20000814               1.00         25.8000       10.0
20000814               1.50         25.7000       10.0
20000814               2.00         25.5000       10.0
20000814               2.50         25.2000       10.0
20000814               3.00         24.8000       10.0
20000814               3.50         24.3000       10.0
20000814               3.70         24.2000       10.0
20000829               0.00         24.6000       10.0
20000829               1.00         24.5000       10.0
20000829               1.50         24.2000       10.0
20000829               2.00         23.9000       10.0
20000829               2.50         23.5000       10.0
20000829               3.00         23.4000       10.0
20000829               3.50         23.3000       10.0
20000829               3.70         23.3000       10.0
20000926               0.00         14.5000       10.0
20000926               1.00         14.5000       10.0
20000926               2.00         14.4000       10.0
20000926               3.00         14.4000       10.0
20001023               0.00         14.7000       10.0
20001023               1.00         14.5000       10.0
20001023               2.00         14.4000       10.0
20001023               3.00         14.1000       10.0
20001023               3.50         13.9000       10.0
20001120               0.00          1.2000       10.0
20001120               1.00          0.9000       10.0
20001120               2.00          0.9000       10.0
20001120               3.00          0.8000       10.0
20001120               3.70          1.0000       10.0
20010108               0.00          1.2000       10.0
20010108               0.50          1.4000       10.0
20010108               1.00          3.2000       10.0
20010108               1.50          3.7000       10.0
20010108               2.00          4.1000       10.0
20010108               2.50          4.3000       10.0
20010108               3.00          4.8000       10.0
20010108               3.50          5.3000       10.0
20010108               3.70          5.3000       10.0
20010412               0.00         11.6000       10.0
20010412               1.00         11.6000       10.0
20010412               2.00         11.6000       10.0
20010412               3.00         11.5000       10.0
20010412               3.60         11.6000       10.0
20010423               0.00         15.1000       10.0
20010423               0.00         15.1000       10.0
20010423               1.00         15.0000       10.0
20010423               2.00         15.0000       10.0
20010423               2.50         15.0000       10.0
20010423               3.00         14.9000       10.0
20010423               3.50         14.6000       10.0
20010507               0.00         17.1000       10.0
20010507               0.00         17.1000       10.0
20010507               1.00         17.0000       10.0
20010507               2.00         16.9000       10.0
20010507               3.00         16.8000       10.0
20010507               3.50         16.7000       10.0
20010523               0.00         17.7000       10.0
20010523               1.00         17.8000       10.0
20010523               2.00         17.9000       10.0
20010523               3.00         17.9000       10.0
20010523               3.40         18.0000       10.0
20010606               0.00         14.8000       10.0
20010606               1.00         14.8000       10.0
20010606               2.00         14.7000       10.0
20010606               3.00         14.6000       10.0
20010606               4.00         14.7000       10.0
20010618               0.00         23.1000       10.0
20010618               1.00         23.1000       10.0
20010618               2.00         23.1000       10.0
20010618               3.00         22.9000       10.0
20010618               3.70         21.6000       10.0
20010703               0.00         26.0000       10.0
20010703               0.50         25.3000       10.0
20010703               1.00         24.4000       10.0
20010703               1.50         24.1000       10.0
20010703               2.00         23.9000       10.0
20010703               2.50         23.8000       10.0
20010703               3.00         23.5000       10.0
20010703               3.50         22.8000       10.0
20010716               0.00         26.4000       10.0
20010716               1.00         26.3000       10.0
20010716               2.00         25.8000       10.0
20010716               2.50         25.5000       10.0
20010716               3.00         24.3000       10.0
20010716               3.50         23.6000       10.0
20010801               0.00         28.1000       10.0
20010801               1.00         27.9000       10.0
20010801               2.00         26.6000       10.0
20010801               2.50         25.3000       10.0
20010801               3.00         24.7000       10.0
20010801               3.50         24.2000       10.0
20010815               0.00         24.6000       10.0
20010815               1.00         24.7000       10.0
20010815               2.00         24.7000       10.0
20010815               3.00         24.6000       10.0
20010815               3.50         24.4000       10.0
20010828               0.00         25.4000       10.0
20010828               0.50         25.0000       10.0
20010828               1.00         24.2000       10.0
20010828               2.00         24.0000       10.0
20010828               3.00         23.5000       10.0
20010828               3.50         23.0000       10.0
20010924               0.00         15.9000       10.0
20010924               1.00         15.9000       10.0
20010924               2.00         16.0000       10.0
20010924               3.00         15.9000       10.0
20010924               3.50         15.9000       10.0
20011025               0.00          9.9000       10.0
20011025               1.00          9.8000       10.0
20011025               2.00          9.7000       10.0
20011025               3.00          9.6000       10.0
20011129               0.00          6.9000       10.0
20011129               1.00          6.8000       10.0
20011129               2.00          6.6000       10.0
20011129               3.00          6.6000       10.0
20011129               3.50          6.5000       10.0
20020319               0.00          3.8000       10.0
20020319               1.00          3.7000       10.0
20020319               2.00          3.6000       10.0
20020319               3.00          3.6000       10.0
20020319               3.80          3.5000       10.0
20020326               0.00          2.4000       10.0
20020326               1.00          2.2000       10.0
20020326               2.00          2.0000       10.0
20020326               3.00          1.9000       10.0
20020326               3.50          1.8000       10.0
20020409               0.00          6.4000       10.0
20020409               1.00          6.0000       10.0
20020409               2.00          5.9000       10.0
20020409               3.00          5.9000       10.0
20020409               3.50          5.8000       10.0
20020422               0.00         12.6000       10.0
20020422               1.00         12.5000       10.0
20020422               2.00         12.4000       10.0
20020422               3.00         12.3000       10.0
20020422               3.70         12.5000       10.0
20020507               0.00         16.5000       10.0
20020507               1.00         16.4000       10.0
20020507               2.00         16.4000       10.0
20020507               3.00         15.9000       10.0
20020507               3.50         15.2000       10.0
20020523               0.00         15.4000       10.0
20020523               1.00         15.4000       10.0
20020523               2.00         15.2000       10.0
20020523               3.00         15.1000       10.0
20020606               0.00         19.1000       10.0
20020606               1.00         18.2000       10.0
20020606               2.00         18.1000       10.0
20020606               2.50         17.9000       10.0
20020606               3.00         17.6000       10.0
20020606               3.60         17.2000       10.0
20020620               0.00         22.1000       10.0
20020620               1.00         22.1000       10.0
20020620               2.00         22.0000       10.0
20020620               2.50         21.8000       10.0
20020620               3.00         21.5000       10.0
20020620               3.50         21.1000       10.0
20020703               0.00         27.5000       10.0
20020703               1.00         27.5000       10.0
20020703               2.00         27.5000       10.0
20020703               2.50         27.4000       10.0
20020703               3.00         27.1000       10.0
20020703               3.50         24.2000       10.0
20020718               0.00         27.8000       10.0
20020718               1.00         27.8000       10.0
20020718               2.00         27.6000       10.0
20020718               3.00         26.8000       10.0
20020718               3.50         25.6000       10.0
20020731               0.00         26.6000       10.0
20020731               1.00         26.5000       10.0
20020731               2.00         26.2000       10.0
20020731               3.00         25.6000       10.0
20020731               3.50         25.1000       10.0
20020815               0.00         24.0000       10.0
20020815               1.00         24.0000       10.0
20020815               2.00         24.0000       10.0
20020815               3.00         23.9000       10.0
20020815               3.50         23.9000       10.0
20020828               0.00         25.0000       10.0
20020828               1.00         25.0000       10.0
20020828               2.00         25.0000       10.0
20020828               3.00         24.2000       10.0
20020828               3.50         24.0000       10.0
20020926               0.00         18.6000       10.0
20020926               1.00         17.3000       10.0
20020926               2.00         17.0000       10.0
20020926               3.00         16.9000       10.0
20020926               3.40         16.9000       10.0
20021024               0.00          6.8000       10.0
20021024               1.00          6.9000       10.0
20021024               2.00          6.9000       10.0
20021024               3.00          6.9000       10.0
20021024               3.60          6.9000       10.0
20021120               0.00          4.1000       10.0
20021120               1.00          4.0000       10.0
20021120               2.00          4.0000       10.0
20030128               0.00          5.6000       10.0
20030128               1.00          4.7000       10.0
20030128               2.00          5.0000       10.0
20030128               3.00          5.6000       10.0
20030128               3.50          5.6000       10.0
20030403               0.00          8.3000       10.0
20030403               1.00          8.2000       10.0
20030403               2.00          8.2000       10.0
20030403               3.00          8.1000       10.0
20030403               3.50          8.1000       10.0
20030417               0.00         11.2000       10.0
20030417               0.00         11.2000       10.0
20030417               1.00         11.2000       10.0
20030417               2.00         11.1000       10.0
20030417               3.00         10.9000       10.0
20030417               3.50         10.8000       10.0
20030501               0.00         14.0000       10.0
20030501               0.00         14.0000       10.0
20030501               1.00         13.7000       10.0
20030501               2.00         13.7000       10.0
20030501               3.00         13.4000       10.0
20030501               3.70         12.6000       10.0
20030515               0.00         14.9000       10.0
20030515               0.00         14.9000       10.0
20030515               1.00         14.8000       10.0
20030515               2.00         14.8000       10.0
20030515               3.00         14.7000       10.0
20030515               3.60         14.4000       10.0
20030529               0.00         20.2000       10.0
20030529               0.00         20.2000       10.0
20030529               1.00         20.0000       10.0
20030529               2.00         20.0000       10.0
20030529               3.00         20.0000       10.0
20030529               3.60         19.6000       10.0
20030612               0.00         19.7000       10.0
20030612               0.00         19.7000       10.0
20030612               1.00         19.6000       10.0
20030612               2.00         19.5000       10.0
20030612               3.00         19.4000       10.0
20030612               3.50         19.3000       10.0
20030625               0.00         25.8000       10.0
20030625               0.00         25.8000       10.0
20030625               1.00         25.6000       10.0
20030625               2.00         24.8000       10.0
20030625               2.50         24.0000       10.0
20030625               3.00         23.3000       10.0
20030625               3.60         22.1000       10.0
20030710               0.00         24.0000       10.0
20030710               0.00         24.0000       10.0
20030710               1.00         24.0000       10.0
20030710               2.00         23.9000       10.0
20030710               3.00         23.6000       10.0
20030710               3.50         23.3000       10.0
20030721               0.00         24.6000       10.0
20030721               0.00         24.6000       10.0
20030721               1.00         24.6000       10.0
20030721               2.00         24.5000       10.0
20030721               3.00         23.7000       10.0
20030721               3.50         23.1000       10.0
20030807               0.00         25.7000       10.0
20030807               0.00         25.7000       10.0
20030807               0.50         25.7000       10.0
20030807               1.00         25.7000       10.0
20030807               1.50         25.6000       10.0
20030807               2.00         25.3000       10.0
20030807               2.50         24.8000       10.0
20030807               3.00         24.3000       10.0
20030807               3.50         23.7000       10.0
20030822               0.00         26.1000       10.0
20030822               0.00         26.1000       10.0
20030822               1.00         26.1000       10.0
20030822               2.00         26.0000       10.0
20030822               3.00         25.4000       10.0
20030822               3.50         24.7000       10.0
20030904               0.00         21.9000       10.0
20030904               0.00         21.9000       10.0
20030904               1.00         21.9000       10.0
20030904               2.00         21.9000       10.0
20030904               3.00         21.8000       10.0
20030904               3.50         21.6000       10.0
20031002               0.00         12.1000       10.0
20031002               0.00         12.1000       10.0
20031002               1.00         11.7000       10.0
20031002               2.00         11.7000       10.0
20031002               3.00         11.7000       10.0
20031002               3.60         11.7000       10.0
20031106               0.00          7.3000       10.0
20031106               0.00          7.3000       10.0
20031106               1.00          7.3000       10.0
20031106               2.00          7.3000       10.0
20031106               3.00          7.3000       10.0
20031106               3.70          7.3000       10.0
20031126               0.00          2.2000       10.0
20031126               0.00          2.2000       10.0
20031126               1.00          2.3000       10.0
20031126               2.00          2.4000       10.0
20031126               3.00          2.5000       10.0
20031126               3.40          2.6000       10.0
20040209               0.00          1.9000       10.0
20040209               1.00          3.1000       10.0
20040209               2.00          3.6000       10.0
20040209               2.50          3.8000       10.0
20040209               3.00          3.9000       10.0
20040209               3.60          4.3000       10.0
20040331               0.00          9.4000       10.0
20040331               1.00          9.3000       10.0
20040331               2.00          9.3000       10.0
20040331               3.00          9.3000       10.0
20040331               3.60          9.4000       10.0
20040415               0.00         11.1000       10.0
20040415               0.00         11.1000       10.0
20040415               1.00         11.0000       10.0
20040415               2.00         11.0000       10.0
20040415               3.00         10.8000       10.0
20040415               3.60         10.3000       10.0
20040429               0.00         14.3000       10.0
20040429               1.00         14.2000       10.0
20040429               2.00         14.2000       10.0
20040429               3.00         14.2000       10.0
20040429               3.40         14.0000       10.0
20040513               0.00         19.0000       10.0
20040513               0.00         19.0000       10.0
20040513               1.00         18.9000       10.0
20040513               2.00         18.9000       10.0
20040513               3.00         17.9000       10.0
20040513               3.60         16.8000       10.0
20040526               0.00         17.8000       10.0
20040526               0.00         17.8000       10.0
20040526               1.00         17.7000       10.0
20040526               2.00         17.4000       10.0
20040526               3.00         17.2000       10.0
20040526               3.60         17.2000       10.0
20040610               0.00         23.2000       10.0
20040610               0.00         23.2000       10.0
20040610               1.00         23.2000       10.0
20040610               2.00         23.2000       10.0
20040610               3.00         23.1000       10.0
20040610               3.60         23.0000       10.0
20040624               0.00         20.2000       10.0
20040624               0.00         20.2000       10.0
20040624               1.00         20.2000       10.0
20040624               2.00         20.2000       10.0
20040624               3.00         20.2000       10.0
20040624               3.60         20.1000       10.0
20040709               0.00         21.8000       10.0
20040709               0.00         21.8000       10.0
20040709               1.00         21.8000       10.0
20040709               2.00         21.8000       10.0
20040709               3.00         21.3000       10.0
20040709               3.70         21.0000       10.0
20040722               0.00         25.6000       10.0
20040722               0.00         25.6000       10.0
20040722               1.00         25.2000       10.0
20040722               2.00         24.5000       10.0
20040722               3.00         23.8000       10.0
20040722               3.50         23.8000       10.0
20040804               0.00         24.7000       10.0
20040804               0.00         24.7000       10.0
20040804               1.00         24.7000       10.0
20040804               2.00         24.7000       10.0
20040804               3.00         24.5000       10.0
20040804               3.80         24.3000       10.0
20040818               0.00         20.7000       10.0
20040818               0.00         20.7000       10.0
20040818               1.00         20.7000       10.0
20040818               2.00         20.6000       10.0
20040818               3.00         20.0000       10.0
20040818               3.80         20.0000       10.0
20041008               0.00         15.7000       10.0
20041008               1.00         15.7000       10.0
20041008               2.00         15.7000       10.0
20041008               3.00         15.6000       10.0
20041008               3.50         15.6000       10.0
20041108               0.00          8.8000       10.0
20041108               1.00          8.8000       10.0
20041108               2.00          8.8000       10.0
20041108               3.00          8.8000       10.0
20041108               3.50          8.8000       10.0
20050209               0.00          2.1000       10.0
20050209               1.00          3.8000       10.0
20050209               2.00          3.8000       10.0
20050209               3.00          3.8000       10.0
20050209               3.70          3.8000       10.0
20050411               0.00         15.0000       10.0
20050411               1.00         15.0000       10.0
20050411               2.00         15.0000       10.0
20050411               3.00         15.0000       10.0
20050411               3.60         14.7000       10.0
20050429               0.00         11.6000       10.0
20050429               1.00         11.3000       10.0
20050429               2.00         11.3000       10.0
20050429               3.00         11.4000       10.0
20050429               3.40         11.4000       10.0
20050512               0.00         14.7000       10.0
20050512               1.00         14.7000       10.0
20050512               2.00         14.7000       10.0
20050512               3.00         14.7000       10.0
20050512               3.60         14.7000       10.0
20050525               0.00         19.7000       10.0
20050525               1.00         19.5000       10.0
20050525               1.50         19.0000       10.0
20050525               2.00         19.0000       10.0
20050525               2.50         18.7000       10.0
20050525               3.00         18.0000       10.0
20050525               3.60         18.1000       10.0
20050608               0.00         24.7000       10.0
20050608               1.00         24.6000       10.0
20050608               2.00         24.5000       10.0
20050608               3.00         24.4000       10.0
20050608               3.60         23.4000       10.0
20050622               0.00         26.5000       10.0
20050622               1.00         26.2000       10.0
20050622               1.50         26.0000       10.0
20050622               2.00         25.8000       10.0
20050622               2.50         25.6000       10.0
20050622               3.00         24.4000       10.0
20050622               3.80         23.7000       10.0
20050706               0.00         24.1000       10.0
20050706               0.50         24.0000       10.0
20050706               1.00         24.0000       10.0
20050706               1.50         24.0000       10.0
20050706               2.00         24.0000       10.0
20050706               2.50         24.0000       10.0
20050706               3.00         23.9000       10.0
20050706               3.70         23.8000       10.0
20050722               0.00         26.8000       10.0
20050722               1.00         26.4000       10.0
20050722               2.00         26.1000       10.0
20050722               3.00         25.9000       10.0
20050722               3.60         25.7000       10.0
20050804               0.00         27.2000       10.0
20050804               1.00         27.2000       10.0
20050804               2.00         27.1000       10.0
20050804               3.00         26.9000       10.0
20050804               3.50         26.8000       10.0
20050816               0.00         24.9000       10.0
20050816               1.00         24.6000       10.0
20050816               2.00         24.2000       10.0
20050816               3.00         24.1000       10.0
20050816               3.70         24.1000       10.0
20050831               0.00         24.3000       10.0
20050831               1.00         23.8000       10.0
20050831               2.00         23.5000       10.0
20050831               3.00         23.5000       10.0
20050831               3.80         23.6000       10.0
20050929               0.00         17.8000       10.0
20050929               1.00         17.8000       10.0
20050929               2.00         17.8000       10.0
20050929               3.00         17.8000       10.0
20050929               3.50         17.7000       10.0
20051026               0.00         10.0000       10.0
20051026               1.00         10.0000       10.0
20051026               2.00          9.9000       10.0
20051026               3.00          9.9000       10.0
20051026               3.50          9.9000       10.0
20051122               0.00          3.4000       10.0
20051122               1.00          3.4000       10.0
20051122               2.00          3.4000       10.0
20051122               3.00          3.4000       10.0
20051122               3.50          3.4000       10.0
20060222               0.00          3.0000       10.0
20060222               1.00          3.1000       10.0
20060222               2.00          3.1000       10.0
20060222               3.00          3.0000       10.0
20060222               3.40          3.0000       10.0
20060410               0.00          9.4000       10.0
20060410               1.00          9.4000       10.0
20060410               2.00          9.3000       10.0
20060410               3.00          9.3000       10.0
20060410               3.70          9.2000       10.0
20060419               0.00         14.1000       10.0
20060419               1.00         14.1000       10.0
20060419               2.00         14.1000       10.0
20060419               3.00         14.1000       10.0
20060419               3.50         14.1000       10.0
20060508               0.00         15.8000       10.0
20060508               1.00         15.8000       10.0
20060508               2.00         15.7000       10.0
20060508               3.00         15.6000       10.0
20060508               3.50         15.0000       10.0
20060517               0.00         14.1000       10.0
20060517               1.00         14.0000       10.0
20060517               2.00         13.6000       10.0
20060517               3.00         13.0000       10.0
20060517               3.70         12.8000       10.0
20060601               0.00         25.4000       10.0
20060601               1.00         24.2000       10.0
20060601               2.00         23.9000       10.0
20060601               3.00         20.4000       10.0
20060601               3.90         19.9000       10.0
20060614               0.00         22.0000       10.0
20060614               1.00         21.9000       10.0
20060614               2.00         20.9000       10.0
20060614               3.00         20.1000       10.0
20060614               3.80         20.0000       10.0
20060628               0.00         22.9000       10.0
20060628               1.00         22.8000       10.0
20060628               2.00         22.6000       10.0
20060628               3.00         22.2000       10.0
20060628               3.40         22.2000       10.0
20060712               0.00         24.2000       10.0
20060712               1.00         24.0000       10.0
20060712               2.00         23.6000       10.0
20060712               3.00         23.4000       10.0
20060712               3.60         23.1000       10.0
20060726               0.00         26.2000       10.0
20060726               1.00         25.9000       10.0
20060726               2.00         25.6000       10.0
20060726               3.00         25.3000       10.0
20060726               3.60         24.8000       10.0
20060809               0.00         26.7000       10.0
20060809               1.00         26.2000       10.0
20060809               2.00         26.1000       10.0
20060809               3.00         25.9000       10.0
20060809               3.50         25.9000       10.0
20060822               0.00         25.5000       10.0
20060822               1.00         24.2000       10.0
20060822               2.00         24.0000       10.0
20060822               3.00         23.9000       10.0
20060822               3.30         23.7000       10.0
20060914               0.00         18.1000       10.0
20060914               1.00         17.0000       10.0
20060914               2.00         17.0000       10.0
20060914               3.00         17.1000       10.0
20060914               3.60         17.1000       10.0
20061004               1.00         17.1000       10.0
20061004               2.00         17.0000       10.0
20061004               3.00         17.0000       10.0
20061004               3.50         16.9000       10.0
20061102               0.00          4.9000       10.0
20061102               1.00          4.9000       10.0
20061102               2.00          4.9000       10.0
20061102               3.00          4.9000       10.0
20061102               3.50          4.9000       10.0
20061128               0.00          5.8000       10.0
20061128               1.00          5.8000       10.0
20061128               2.00          5.8000       10.0
20061128               3.00          5.7000       10.0
20061128               3.50          5.7000       10.0
20070308               0.00          0.9000       10.0
20070308               1.00          2.9000       10.0
20070308               2.00          3.6000       10.0
20070308               3.00          4.0000       10.0
20070308               3.40          4.5000       10.0
20070403               0.00         10.0000       10.0
20070403               1.00         10.0000       10.0
20070403               2.00         10.0000       10.0
20070403               3.00         10.0000       10.0
20070403               3.50         10.0000       10.0
20070418               0.00         10.0000       10.0
20070418               1.00         10.0000       10.0
20070418               2.00         10.0000       10.0
20070418               3.00          9.9000       10.0
20070418               3.50          9.9000       10.0
20070503               0.00         16.9000       10.0
20070503               1.00         16.9000       10.0
20070503               2.00         16.9000       10.0
20070503               3.00         16.9000       10.0
20070503               3.50         16.8000       10.0
20070515               0.00         19.5000       10.0
20070515               1.00         19.5000       10.0
20070515               2.00         19.5000       10.0
20070515               3.00         19.2000       10.0
20070515               3.50         19.2000       10.0
20070530               0.00         23.0000       10.0
20070530               1.00         22.9000       10.0
20070530               2.00         21.9000       10.0
20070530               3.00         20.5000       10.0
20070530               3.60         19.9000       10.0
20070613               0.00         25.6000       10.0
20070613               1.00         24.9000       10.0
20070613               2.00         24.1000       10.0
20070613               3.00         22.5000       10.0
20070613               3.50         22.1000       10.0
20070626               0.00         26.2000       10.0
20070626               1.00         25.6000       10.0
20070626               2.00         24.2000       10.0
20070626               3.00         23.4000       10.0
20070626               3.40         23.1000       10.0
20070711               0.00         26.0000       10.0
20070711               1.00         25.9000       10.0
20070711               2.00         25.9000       10.0
20070711               3.00         25.6000       10.0
20070711               3.50         25.6000       10.0
20070724               0.00         24.8000       10.0
20070724               1.00         24.9000       10.0
20070724               2.00         24.8000       10.0
20070724               3.00         24.0000       10.0
20070724               3.40         23.9000       10.0
20070808               0.00         25.7000       10.0
20070808               1.00         25.7000       10.0
20070808               2.00         25.7000       10.0
20070808               3.00         25.1000       10.0
20070808               3.20         24.4000       10.0
20070821               0.00         21.2000       10.0
20070821               1.00         21.2000       10.0
20070821               2.00         21.2000       10.0
20070821               3.00         21.2000       10.0
20070821               3.60         20.6000       10.0
20070905               0.00         25.3000       10.0
20070905               1.00         25.0000       10.0
20070905               2.00         24.8000       10.0
20070905               3.00         23.5000       10.0
20070905               3.40         23.3000       10.0
20071003               0.00         19.3000       10.0
20071003               1.00         19.2000       10.0
20071003               2.00         19.0000       10.0
20071003               3.00         18.7000       10.0
20071003               3.50         18.9000       10.0
20071031               0.00         11.4000       10.0
20071031               1.00         11.4000       10.0
20071031               2.00         11.4000       10.0
20071031               3.00         11.5000       10.0
20071031               3.60         11.7000       10.0
20080218               0.00          0.6000       10.0
20080218               1.00          2.7000       10.0
20080218               2.00          3.6000       10.0
20080218               3.00          4.7000       10.0
20080218               3.50          4.7000       10.0
20080415               0.00          8.2000       10.0
20080415               1.00          8.2000       10.0
20080415               2.00          8.2000       10.0
20080415               3.00          8.2000       10.0
20080415               3.60          8.2000       10.0
20080429               0.00         12.1000       10.0
20080429               1.00         12.1000       10.0
20080429               2.00         12.0000       10.0
20080429               3.00         12.0000       10.0
20080429               3.60         12.0000       10.0
20080513               0.00         15.5000       10.0
20080513               1.00         15.5000       10.0
20080513               2.00         15.5000       10.0
20080513               3.00         15.5000       10.0
20080513               3.50         15.4000       10.0
20080529               0.00         17.7000       10.0
20080529               1.00         17.7000       10.0
20080529               2.00         17.5000       10.0
20080529               3.00         17.0000       10.0
20080529               3.50         17.2000       10.0
20080611               0.00         22.1000       10.0
20080611               1.00         22.1000       10.0
20080611               2.00         21.9000       10.0
20080611               3.00         21.4000       10.0
20080611               3.50         20.8000       10.0
20080625               0.00         24.0000       10.0
20080625               1.00         23.9000       10.0
20080625               2.00         23.7000       10.0
20080625               3.00         22.4000       10.0
20080625               3.50         21.9000       10.0
20080709               0.00         24.9000       10.0
20080709               1.00         24.8000       10.0
20080709               2.00         24.6000       10.0
20080709               3.00         23.9000       10.0
20080709               3.40         23.4000       10.0
20080722               0.00         26.9000       10.0
20080722               1.00         26.6000       10.0
20080722               1.50         26.6000       10.0
20080722               2.00         26.8000       10.0
20080722               2.50         26.7000       10.0
20080722               3.00         25.4000       10.0
20080722               3.50         24.3000       10.0
20080806               0.00         26.1000       10.0
20080806               1.00         26.1000       10.0
20080806               2.00         26.0000       10.0
20080806               3.00         25.5000       10.0
20080806               3.50         25.4000       10.0
20080819               0.00         24.8000       10.0
20080819               1.00         24.7000       10.0
20080819               2.00         24.7000       10.0
20080819               3.00         24.4000       10.0
20080819               3.80         24.0000       10.0
20080908               0.00         20.8000       10.0
20080908               1.00         20.8000       10.0
20080908               2.00         20.8000       10.0
20080908               3.00         20.7000       10.0
20080908               3.50         20.7000       10.0
20081006               0.00         14.4000       10.0
20081006               1.00         14.4000       10.0
20081006               2.00         14.4000       10.0
20081006               3.00         14.4000       10.0
20081006               3.50         14.4000       10.0
20081103               0.00          9.7000       10.0
20081103               1.00          9.6000       10.0
20081103               2.00          9.5000       10.0
20081103               3.00          9.4000       10.0
20081103               3.50          9.4000       10.0
20090216               0.00          2.1000       10.0
20090216               1.00          4.7000       10.0
20090216               2.00          5.0000       10.0
20090216               3.00          4.8000       10.0
20090216               3.50          5.3000       10.0
20090413               0.00          9.0000       10.0
20090413               1.00          9.0000       10.0
20090413               2.00          9.0000       10.0
20090413               3.00          9.0000       10.0
20090413               3.50          9.0000       10.0
20090429               0.00         13.4000       10.0
20090429               1.00         13.4000       10.0
20090429               2.00         13.4000       10.0
20090429               3.00         13.4000       10.0
20090429               3.70         13.4000       10.0
20090512               0.00         17.0000       10.0
20090512               1.00         16.9000       10.0
20090512               2.00         16.9000       10.0
20090512               3.00         16.9000       10.0
20090527               0.00         19.0000       10.0
20090527               1.00         19.0000       10.0
20090527               2.00         19.0000       10.0
20090527               3.00         19.0000       10.0
20090527               3.60         19.1000       10.0
20090611               0.00         20.2000       10.0
20090611               1.00         19.8000       10.0
20090611               2.00         18.7000       10.0
20090611               3.00         18.2000       10.0
20090611               3.50         18.3000       10.0
20090622               0.00         25.6000       10.0
20090622               1.00         25.1000       10.0
20090622               2.00         24.7000       10.0
20090622               3.00         23.2000       10.0
20090622               3.50         22.1000       10.0
20090707               0.00         23.6000       10.0
20090707               1.00         22.3000       10.0
20090707               2.00         21.6000       10.0
20090707               3.00         20.8000       10.0
20090707               3.50         20.8000       10.0
20090721               0.00         22.2000       10.0
20090721               1.00         22.0000       10.0
20090721               2.00         21.0000       10.0
20090721               3.00         20.8000       10.0
20090803               0.00         23.4000       10.0
20090803               1.00         23.4000       10.0
20090803               2.00         23.4000       10.0
20090803               3.00         23.3000       10.0
20090803               3.60         22.9000       10.0
20090817               0.00         25.5000       10.0
20090817               1.00         25.4000       10.0
20090817               2.00         25.3000       10.0
20090817               3.00         24.7000       10.0
20090817               3.60         24.1000       10.0
20090831               0.00         20.2000       10.0
20090831               1.00         19.9000       10.0
20090831               2.00         19.8000       10.0
20090831               3.00         19.7000       10.0
20090831               3.60         19.9000       10.0
20091002               0.00         14.7000       10.0
20091002               1.00         14.7000       10.0
20091002               2.00         14.7000       10.0
20091002               3.00         14.7000       10.0
20091104               0.00          9.5000       10.0
20091104               1.00          9.5000       10.0
20091104               2.00          9.5000       10.0
20100205               0.00          1.7000       10.0
20100205               1.00          3.9000       10.0
20100205               2.00          4.2000       10.0
20100205               3.00          4.3000       10.0
20100205               3.50          5.3000       10.0
20100330               0.00          9.8000       10.0
20100330               1.00          9.7000       10.0
20100330               2.00          9.7000       10.0
20100330               3.00          9.7000       10.0
20100330               3.60          9.7000       10.0
20100414               0.00         12.5000       10.0
20100414               1.00         12.5000       10.0
20100414               2.00         12.5000       10.0
20100414               3.00         12.5000       10.0
20100414               3.50         12.7000       10.0
20100427               0.00         13.8000       10.0
20100427               1.00         13.8000       10.0
20100427               2.00         13.6000       10.0
20100427               3.00         13.5000       10.0
20100427               3.50         13.1000       10.0
20100512               0.00         12.1000       10.0
20100512               1.00         12.1000       10.0
20100512               2.00         12.1000       10.0
20100512               3.00         12.1000       10.0
20100512               3.50         12.1000       10.0
20100526               0.00         25.0000       10.0
20100526               1.00         24.6000       10.0
20100526               2.00         19.8000       10.0
20100526               3.00         17.6000       10.0
20100526               3.50         17.3000       10.0
20100610               0.00         22.0000       10.0
20100610               1.00         21.6000       10.0
20100610               2.00         21.5000       10.0
20100610               3.00         21.4000       10.0
20100610               3.50         21.1000       10.0
20100622               0.00         24.5000       10.0
20100622               1.00         24.4000       10.0
20100622               2.00         24.1000       10.0
20100622               3.00         22.6000       10.0
20100622               3.60         22.3000       10.0
20100707               0.00         26.6000       10.0
20100707               1.00         26.4000       10.0
20100707               2.00         26.1000       10.0
20100707               3.00         25.3000       10.0
20100707               3.50         24.7000       10.0
20100721               0.00         27.5000       10.0
20100721               1.00         27.4000       10.0
20100721               2.00         26.9000       10.0
20100721               2.50         26.7000       10.0
20100721               3.00         26.1000       10.0
20100721               3.50         25.9000       10.0
20100805               0.00         26.6000       10.0
20100805               1.00         26.5000       10.0
20100805               2.00         26.3000       10.0
20100805               2.50         26.2000       10.0
20100805               3.00         25.3000       10.0
20100805               3.50         24.9000       10.0
20100817               0.00         24.4000       10.0
20100817               1.00         24.4000       10.0
20100817               2.00         24.4000       10.0
20100817               3.00         23.9000       10.0
20100817               3.60         23.6000       10.0
20100831               0.00         25.0000       10.0
20100831               1.00         25.0000       10.0
20100831               2.00         24.9000       10.0
20100831               3.00         23.4000       10.0
20100831               3.60         23.1000       10.0
20101008               0.00         14.8000       10.0
20101008               1.00         14.8000       10.0
20101008               2.00         14.8000       10.0
20101008               3.00         14.6000       10.0
20101008               3.50         14.5000       10.0
20101110               0.00          8.6000       10.0
20101110               1.00          8.6000       10.0
20101110               2.00          8.4000       10.0
20101110               3.00          8.3000       10.0
20101110               3.50          8.3000       10.0
20110127               0.00          0.6000       10.0
20110127               1.00          2.9000       10.0
20110127               2.00          3.9000       10.0
20110127               3.00          4.5000       10.0
20110127               3.50          5.2000       10.0
20110316               0.00          2.3000       10.0
20110316               1.00          5.7000       10.0
20110316               2.00          5.0000       10.0
20110316               3.00          4.3000       10.0
20110316               3.50          4.1000       10.0
20110420               0.00          7.0000       10.0
20110420               1.00          7.0000       10.0
20110420               2.00          7.0000       10.0
20110420               3.00          7.0000       10.0
20110420               3.50          7.0000       10.0
20110504               0.00         11.8000       10.0
20110504               1.00         11.2000       10.0
20110504               2.00         11.0000       10.0
20110504               3.00         11.0000       10.0
20110504               3.50         11.0000       10.0
20110518               0.00         15.0000       10.0
20110518               1.00         15.0000       10.0
20110518               2.00         15.0000       10.0
20110518               3.00         15.0000       10.0
20110518               3.50         15.0000       10.0
20110601               0.00         19.3000       10.0
20110601               1.00         19.3000       10.0
20110601               2.00         19.2000       10.0
20110601               3.00         19.2000       10.0
20110601               3.50         19.0000       10.0
20110615               0.00         20.8000       10.0
20110615               1.00         20.8000       10.0
20110615               2.00         20.8000       10.0
20110615               3.00         20.8000       10.0
20110615               3.50         20.8000       10.0
20110628               0.00         22.1000       10.0
20110628               1.00         22.0000       10.0
20110628               2.00         22.0000       10.0
20110628               3.00         21.9000       10.0
20110628               3.50         21.8000       10.0
20110713               0.00         26.0000       10.0
20110713               1.00         26.0000       10.0
20110713               2.00         26.0000       10.0
20110713               3.00         26.0000       10.0
20110713               3.20         26.0000       10.0
20110726               0.00         27.8000       10.0
20110726               1.00         27.7000       10.0
20110726               2.00         27.6000       10.0
20110726               3.00         27.5000       10.0
20110726               3.50         27.4000       10.0
20110810               0.00         25.9000       10.0
20110810               1.00         25.5000       10.0
20110810               2.00         25.4000       10.0
20110810               2.50         25.3000       10.0
20110810               3.00         25.3000       10.0
20110810               3.50         25.1000       10.0
20110823               0.00         24.1000       10.0
20110823               1.00         24.1000       10.0
20110823               2.00         24.1000       10.0
20110823               3.00         24.1000       10.0
20110823               3.20         24.1000       10.0
20110915               0.00         19.4000       10.0
20110915               1.00         19.4000       10.0
20110915               2.00         19.2000       10.0
20110915               3.00         18.6000       10.0
20110915               3.50         18.6000       10.0
20111005               0.00         15.7000       10.0
20111005               1.00         14.7000       10.0
20111005               2.00         14.3000       10.0
20111005               3.00         14.3000       10.0
20111005               3.50         14.3000       10.0
20111101               0.00          8.7000       10.0
20111101               1.00          8.7000       10.0
20111101               2.00          8.7000       10.0
20111101               3.00          8.6000       10.0
20111101               3.50          8.6000       10.0
20120216               0.00          2.6000       10.0
20120216               1.00          4.5000       10.0
20120216               2.00          5.1000       10.0
20120216               3.00          5.7000       10.0
20120216               3.50          5.9000       10.0
20120404               0.00         12.8000       10.0
20120404               1.00         12.8000       10.0
20120404               2.00         12.8000       10.0
20120404               3.00         12.8000       10.0
20120404               3.50         12.8000       10.0
20120418               0.00         14.1000       10.0
20120418               1.00         14.1000       10.0
20120418               2.00         14.1000       10.0
20120418               3.00         14.1000       10.0
20120418               3.50         14.0000       10.0
20120503               0.00         15.2000       10.0
20120503               1.00         15.0000       10.0
20120503               2.00         15.0000       10.0
20120503               3.00         14.9000       10.0
20120503               3.50         13.1000       10.0
20120517               0.00         19.5000       10.0
20120517               1.00         19.5000       10.0
20120517               2.00         19.4000       10.0
20120517               3.00         18.8000       10.0
20120517               3.40         18.8000       10.0
20120530               0.00         21.5000       10.0
20120530               1.00         21.6000       10.0
20120530               2.00         21.6000       10.0
20120530               3.00         21.6000       10.0
20120530               3.30         21.6000       10.0
20120613               0.00         23.3000       10.0
20120613               1.00         23.2000       10.0
20120613               2.00         22.8000       10.0
20120613               3.00         22.6000       10.0
20120613               3.20         22.6000       10.0
20120626               0.00         24.9000       10.0
20120626               1.00         24.8000       10.0
20120626               2.00         24.5000       10.0
20120626               3.00         24.4000       10.0
20120626               3.20         24.5000       10.0
20120712               0.00         27.7000       10.0
20120712               1.00         27.6000       10.0
20120712               2.00         27.5000       10.0
20120712               3.00         27.1000       10.0
20120712               3.50         27.0000       10.0
20120724               0.00         26.5000       10.0
20120724               1.00         26.5000       10.0
20120724               2.00         26.5000       10.0
20120724               3.00         25.7000       10.0
20120724               3.40         25.2000       10.0
20120808               0.00         26.2000       10.0
20120808               1.00         26.2000       10.0
20120808               2.00         26.2000       10.0
20120808               3.00         25.3000       10.0
20120808               3.50         24.9000       10.0
20120824               0.00         23.4000       10.0
20120824               1.00         23.4000       10.0
20120824               2.00         22.9000       10.0
20120824               3.00         22.2000       10.0
20120824               3.40         22.0000       10.0
20120905               0.00         23.8000       10.0
20120905               1.00         23.8000       10.0
20120905               2.00         23.8000       10.0
20120905               3.00         23.7000       10.0
20120905               3.50         23.7000       10.0
20121002               0.00         16.2000       10.0
20121002               1.00         16.1000       10.0
20121002               2.00         16.0000       10.0
20121002               3.00         16.0000       10.0
20121002               3.50         16.0000       10.0
20121030               0.00          9.0000       10.0
20121030               1.00          9.0000       10.0
20121030               2.00          9.0000       10.0
20121030               3.00          9.0000       10.0
20121030               3.50          9.0000       10.0
20130225               0.00          0.8000       10.0
20130225               1.00          4.5000       10.0
20130225               2.00          4.2000       10.0
20130225               3.00          3.1000       10.0
20130225               3.50          3.4000       10.0
20130430               0.00         13.9000       10.0
20130430               1.00         13.9000       10.0
20130430               2.00         13.8000       10.0
20130430               3.00         13.6000       10.0
20130430               3.50         13.6000       10.0
20130515               0.00         17.5000       10.0
20130515               1.00         17.1000       10.0
20130515               2.00         16.6000       10.0
20130515               3.00         14.5000       10.0
20130515               3.50         14.3000       10.0
20130529               0.00         18.4000       10.0
20130529               1.00         18.2000       10.0
20130529               2.00         18.1000       10.0
20130529               3.00         16.9000       10.0
20130529               3.50         16.9000       10.0
20130612               0.00         22.8000       10.0
20130612               1.00         22.7000       10.0
20130612               2.00         20.8000       10.0
20130612               3.00         19.6000       10.0
20130612               3.50         18.9000       10.0
20130624               0.00         24.5000       10.0
20130624               1.00         24.5000       10.0
20130624               2.00         24.3000       10.0
20130624               3.00         22.4000       10.0
20130624               3.60         21.2000       10.0
20130710               0.00         27.3000       10.0
20130710               1.00         27.1000       10.0
20130710               2.00         24.9000       10.0
20130710               3.00         22.2000       10.0
20130710               3.70         21.5000       10.0
20130722               0.00         27.3000       10.0
20130722               1.00         27.1000       10.0
20130722               1.50         26.7000       10.0
20130722               2.00         25.7000       10.0
20130722               2.50         25.1000       10.0
20130722               3.00         23.1000       10.0
20130722               3.60         21.6000       10.0
20130808               0.00         24.8000       10.0
20130808               1.00         24.6000       10.0
20130808               1.50         24.4000       10.0
20130808               2.00         24.3000       10.0
20130808               2.50         23.5000       10.0
20130808               3.00         21.5000       10.0
20130808               3.60         20.9000       10.0
20130819               0.00         24.8000       10.0
20130819               1.00         24.6000       10.0
20130819               2.00         23.5000       10.0
20130819               2.50         22.7000       10.0
20130819               3.00         22.1000       10.0
20130819               3.50         21.3000       10.0
20130909               0.00         23.9000       10.0
20130909               1.00         23.7000       10.0
20130909               2.00         23.6000       10.0
20130909               2.50         23.5000       10.0
20130909               3.00         23.3000       10.0
20130909               3.60         23.3000       10.0
20131002               0.00         20.0000       10.0
20131002               1.00         19.9000       10.0
20131002               2.00         19.6000       10.0
20131002               3.00         19.3000       10.0
20131002               3.40         19.3000       10.0
20131031               0.00          8.6000       10.0
20131031               1.00          8.5000       10.0
20131031               2.00          8.5000       10.0
20131031               3.00          8.4000       10.0
20131031               3.50          8.4000       10.0
20140502               0.00          9.9000       10.0
20140502               1.00          9.9000       10.0
20140502               2.00          9.9000       10.0
20140502               3.00          9.9000       10.0
20140502               3.60         10.0000       10.0
20140515               0.00         15.5000       10.0
20140515               1.00         15.6000       10.0
20140515               2.00         15.6000       10.0
20140515               3.00         15.5000       10.0
20140515               3.50         15.4000       10.0
20140603               0.00         23.6000       10.0
20140603               1.00         23.5000       10.0
20140603               2.00         23.2000       10.0
20140603               3.00         21.4000       10.0
20140603               3.70         20.8000       10.0
20140612               0.00         22.0000       10.0
20140612               1.00         22.0000       10.0
20140612               2.00         21.9000       10.0
20140612               3.00         21.8000       10.0
20140612               3.20         21.8000       10.0
20140624               0.00         25.9000       10.0
20140624               1.00         25.5000       10.0
20140624               1.50         25.1000       10.0
20140624               2.00         23.6000       10.0
20140624               3.00         22.1000       10.0
20140624               3.50         21.5000       10.0
20140710               0.00         24.1000       10.0
20140710               1.00         24.0000       10.0
20140710               2.00         23.9000       10.0
20140710               3.00         23.4000       10.0
20140710               3.50         22.9000       10.0
20140723               0.00         24.9000       10.0
20140723               1.00         24.9000       10.0
20140723               2.00         24.8000       10.0
20140723               3.00         22.7000       10.0
20140723               3.60         21.9000       10.0
20140806               0.00         24.6000       10.0
20140806               1.00         24.0000       10.0
20140806               2.00         23.7000       10.0
20140806               3.00         23.1000       10.0
20140806               3.50         22.5000       10.0
20140819               0.00         24.3000       10.0
20140819               1.00         24.1000       10.0
20140819               2.00         23.9000       10.0
20140819               3.00         23.9000       10.0
20140819               3.50         23.5000       10.0
20140908               0.00         22.8000       10.0
20140908               1.00         22.7000       10.0
20140908               2.00         22.7000       10.0
20140908               3.00         21.8000       10.0
20140908               3.50         21.2000       10.0
20140930               0.00         18.7000       10.0
20140930               1.00         18.7000       10.0
20140930               2.00         18.7000       10.0
20140930               3.00         18.7000       10.0
20140930               3.20         18.7000       10.0
20141103               0.00          7.5000       10.0
20141103               1.00          7.5000       10.0
20141103               2.00          7.5000       10.0
20141103               3.00          7.5000       10.0
20141103               3.60          7.5000       10.0
