Observation #: 993
-----------------------------------------------------
Time(YYYYMMDD)   Depth(m)  Value(celsius)     Std(%)
19900829            0.9144         22.7778       10.0
19900829            2.7432         22.7778       10.0
19900829            4.5720         22.2222       10.0
19900829            6.0960         22.2222       10.0
19900829            7.6200         21.6667       10.0
19900829            9.1440         17.2222       10.0
19900829           10.6680         14.4444       10.0
19900829           12.1920         11.6667       10.0
19900829           13.7160         10.5556       10.0
19900829           18.5928         10.0000       10.0
19910805            0.9144         23.3333       10.0
19910805            2.7432         21.6667       10.0
19910805            4.5720         21.6667       10.0
19910805            6.0960         21.1111       10.0
19910805            7.6200         15.0000       10.0
19910805            9.1440         12.7778       10.0
19910805           10.6680         12.2222       10.0
19910805           12.1920         10.5556       10.0
19910805           13.7160         10.0000       10.0
19910904            0.9144         21.6667       10.0
19910904            2.7432         21.6667       10.0
19910904            4.5720         21.1111       10.0
19910904            6.0960         21.1111       10.0
19910904            7.6200         17.7778       10.0
19910904            9.1440         13.3333       10.0
19910904           10.6680         11.6667       10.0
19910904           12.1920         11.1111       10.0
19910904           13.7160         10.0000       10.0
19911002            0.9144         13.8889       10.0
19911002            2.7432         13.8889       10.0
19911002            4.5720         13.3333       10.0
19911002            6.0960         13.3333       10.0
19911002            7.6200         13.3333       10.0
19911002            9.1440         12.7778       10.0
19911002           10.6680         12.7778       10.0
19911002           12.1920         11.1111       10.0
19911002           13.7160         10.0000       10.0
19911002           18.5928          8.8889       10.0
19911113            0.9144          4.4444       10.0
19911113            2.7432          3.8889       10.0
19911113            4.5720          3.8889       10.0
19911113            6.0960          3.8889       10.0
19911113            7.6200          3.3333       10.0
19911113            9.1440          3.3333       10.0
19911113           10.6680          3.3333       10.0
19911113           12.1920          3.3333       10.0
19911113           13.7160          3.3333       10.0
19911113           18.5928          2.7778       10.0
19920815            0.9144         21.6667       10.0
19920815            2.7432         21.1111       10.0
19920815            4.5720         20.5556       10.0
19920815            6.0960         20.0000       10.0
19920815            7.6200         14.4444       10.0
19920815            9.1440         10.5556       10.0
19920815           10.6680          8.8889       10.0
19920815           12.1920          7.2222       10.0
19920815           13.7160          6.6667       10.0
19920927            0.9144         14.4444       10.0
19920927            4.5720         14.4444       10.0
19920927            6.0960         14.4444       10.0
19920927            7.6200         14.4444       10.0
19920927            9.1440         13.8889       10.0
19920927           10.6680         10.0000       10.0
19920927           12.1920          7.7778       10.0
19920927           13.7160          7.2222       10.0
19921025            0.9144          8.8889       10.0
19921025            2.7432          8.8889       10.0
19921025            4.5720          8.8889       10.0
19921025            6.0960          8.8889       10.0
19921025            7.6200          8.8889       10.0
19921025            9.1440          8.8889       10.0
19921025           10.6680          7.7778       10.0
19921025           12.1920          7.7778       10.0
19921025           13.7160          7.7778       10.0
19930801            0.9144         22.2222       10.0
19930801            2.7432         22.2222       10.0
19930801            4.5720         21.1111       10.0
19930801            6.0960         21.1111       10.0
19930801            7.6200         13.8889       10.0
19930801            9.1440          8.8889       10.0
19930801           10.6680          7.7778       10.0
19930801           12.1920          7.2222       10.0
19930801           13.7160          6.1111       10.0
19930801           18.5928          5.0000       10.0
19930919            0.9144         15.0000       10.0
19930919            2.7432         15.0000       10.0
19930919            4.5720         15.0000       10.0
19930919            6.0960         15.0000       10.0
19930919            7.6200         15.0000       10.0
19930919            9.1440         13.8889       10.0
19930919           10.6680          8.8889       10.0
19930919           12.1920          7.2222       10.0
19930919           13.7160          6.1111       10.0
19931017            0.9144          8.8889       10.0
19931017            2.7432          8.8889       10.0
19931017            4.5720          8.8889       10.0
19931017            6.0960          8.8889       10.0
19931017            7.6200          8.8889       10.0
19931017            9.1440          8.8889       10.0
19931017           10.6680          8.8889       10.0
19931017           12.1920          8.8889       10.0
19931017           13.7160          8.8889       10.0
19940730            0.9144         22.7778       10.0
19940730            2.7432         22.2222       10.0
19940730            4.5720         20.5556       10.0
19940730            6.0960         20.5556       10.0
19940730            7.6200         13.3333       10.0
19940730            9.1440         10.5556       10.0
19940730           10.6680          9.4444       10.0
19940730           12.1920          8.3333       10.0
19940730           13.7160          7.7778       10.0
19940903            0.9144         20.0000       10.0
19940903            2.7432         18.8889       10.0
19940903            4.5720         18.8889       10.0
19940903            6.0960         18.8889       10.0
19940903            7.6200         17.7778       10.0
19940903            9.1440         12.7778       10.0
19940903           10.6680         10.0000       10.0
19940903           12.1920          8.8889       10.0
19940903           13.7160          8.8889       10.0
19950730            0.9144         24.4444       10.0
19950730            2.7432         24.4444       10.0
19950730            4.5720         24.4444       10.0
19950730            6.0960         21.1111       10.0
19950730            7.6200         16.1111       10.0
19950730            9.1440         12.7778       10.0
19950730           10.6680         11.1111       10.0
19950730           12.1920          8.8889       10.0
19950730           13.7160          7.7778       10.0
19950902            0.9144         22.2222       10.0
19950902            2.7432         22.2222       10.0
19950902            4.5720         22.2222       10.0
19950902            6.0960         22.2222       10.0
19950902            7.6200         19.4444       10.0
19950902            9.1440         12.7778       10.0
19950902           10.6680         11.1111       10.0
19950902           12.1920          8.8889       10.0
19950902           13.7160          7.7778       10.0
19960721            0.9144         21.1111       10.0
19960721            2.7432         21.1111       10.0
19960721            4.5720         21.1111       10.0
19960721            6.0960         17.2222       10.0
19960721            7.6200         11.1111       10.0
19960721            9.1440         11.1111       10.0
19960721           10.6680          7.7778       10.0
19960721           12.1920          7.2222       10.0
19960721           13.7160          6.1111       10.0
19960831            0.9144         22.2222       10.0
19960831            2.7432         22.2222       10.0
19960831            4.5720         21.6667       10.0
19960831            6.0960         20.5556       10.0
19960831            7.6200         13.3333       10.0
19960831            9.1440          8.8889       10.0
19960831           10.6680          7.7778       10.0
19960831           12.1920          6.6667       10.0
19960831           13.7160          6.6667       10.0
20010604            2.7432         13.8889       10.0
20010604            6.0960         13.8889       10.0
20010604            9.1440          8.8889       10.0
20010604           12.1920          7.2222       10.0
20010604           15.2400          6.6667       10.0
20010731            0.9144         23.0000       10.0
20010731            2.7432         22.0000       10.0
20010731            4.5720         22.0000       10.0
20010731            9.1440         16.0000       10.0
20010731           15.2400          9.0000       10.0
20010817            0.9144         22.0000       10.0
20010817            2.7432         22.0000       10.0
20010817            4.5720         22.0000       10.0
20010817            6.0960         22.0000       10.0
20010817            9.1440         13.0000       10.0
20010817           12.1920          9.0000       10.0
20010817           15.2400          8.0000       10.0
20010905            0.9144         20.0000       10.0
20010905            2.7432         20.0000       10.0
20010905            4.5720         20.0000       10.0
20010905            6.0960         20.0000       10.0
20010905            9.1440         15.0000       10.0
20010905           12.1920         10.0000       10.0
20010905           15.2400          8.0000       10.0
20010925            0.9144         16.0000       10.0
20010925            2.7432         16.0000       10.0
20010925            4.5720         16.0000       10.0
20010925            6.0960         16.0000       10.0
20010925            9.1440         16.0000       10.0
20010925           12.1920         10.0000       10.0
20010925           15.2400         10.0000       10.0
20011028            0.9144          9.0000       10.0
20011028            2.7432          9.0000       10.0
20011028            4.5720          9.0000       10.0
20011028            6.0960          9.0000       10.0
20011028            9.1440          9.0000       10.0
20011028           12.1920          9.0000       10.0
20011028           15.2400          8.0000       10.0
20020616            2.7432         18.0000       10.0
20020616            4.5720         18.0000       10.0
20020616            6.0960         13.0000       10.0
20020616            9.1440         10.0000       10.0
20020616           12.1920          8.0000       10.0
20020616           15.2400          8.0000       10.0
20020719            0.9144         26.0000       10.0
20020719            2.7432         26.0000       10.0
20020719            4.5720         25.0000       10.0
20020719            6.0960         18.0000       10.0
20020719            9.1440         12.0000       10.0
20020719           12.1920         10.0000       10.0
20020719           15.2400          8.0000       10.0
20020807            0.9144         23.0000       10.0
20020807            2.7432         23.0000       10.0
20020807            4.5720         23.0000       10.0
20020807            6.0960         22.0000       10.0
20020807            9.1440         12.0000       10.0
20020807           12.1920          9.0000       10.0
20020807           15.2400          8.0000       10.0
20020820            0.9144         21.0000       10.0
20020820            2.7432         21.0000       10.0
20020820            4.5720         21.0000       10.0
20020820            6.0960         21.0000       10.0
20020820            9.1440         12.0000       10.0
20020820           12.1920          9.0000       10.0
20020820           15.2400          8.0000       10.0
20020831            0.9144         23.0000       10.0
20020831            2.7432         23.0000       10.0
20020831            4.5720         23.0000       10.0
20020831            6.0960         21.0000       10.0
20020831            9.1440         12.0000       10.0
20020831           12.1920         10.0000       10.0
20020831           15.2400          8.0000       10.0
20020917            0.9144         21.0000       10.0
20020917            2.7432         21.0000       10.0
20020917            4.5720         20.0000       10.0
20020917            6.0960         20.0000       10.0
20020917            9.1440         14.0000       10.0
20020917           12.1920         10.0000       10.0
20020917           15.2400          8.0000       10.0
20021001            0.9144         17.0000       10.0
20021001            2.7432         16.0000       10.0
20021001            4.5720         16.0000       10.0
20021001            6.0960         16.0000       10.0
20021001            9.1440         15.0000       10.0
20021001           12.1920         10.0000       10.0
20021001           15.2400          8.0000       10.0
20021011            0.9144         13.0000       10.0
20021011            2.7432         13.0000       10.0
20021011            4.5720         13.0000       10.0
20021011            6.0960         13.0000       10.0
20021011            9.1440         13.0000       10.0
20021011           12.1920         11.0000       10.0
20021011           15.2400          8.0000       10.0
20030502            0.9144          9.0000       10.0
20030502            2.7432          8.2000       10.0
20030502            4.5720          7.9000       10.0
20030502            6.0960          7.5000       10.0
20030502            9.1440          6.6000       10.0
20030502           12.1920          5.7000       10.0
20030502           15.2400          5.4000       10.0
20030517            0.9144         13.2000       10.0
20030517            2.7432         12.0000       10.0
20030517            9.1440          8.9000       10.0
20030517           12.1920          7.7000       10.0
20030517           15.2400          7.0000       10.0
20030602            0.9144         16.8000       10.0
20030602            2.7432         15.8000       10.0
20030602            4.5720         15.0000       10.0
20030602            6.0960         13.4000       10.0
20030602            9.1440          9.3000       10.0
20030602           12.1920          7.8000       10.0
20030602           15.2400          7.3000       10.0
20030611            0.9144         16.8000       10.0
20030611            2.7432         16.2000       10.0
20030611            4.5720         15.8000       10.0
20030611            6.0960         14.4000       10.0
20030611            9.1440          9.7000       10.0
20030611           12.1920          8.0000       10.0
20030611           15.2400          7.4000       10.0
20030619            0.9144         21.3000       10.0
20030619            2.7432         20.8000       10.0
20030619            4.5720         17.7000       10.0
20030619            6.0960         14.9000       10.0
20030619            9.1440          9.8000       10.0
20030619           12.1920          8.1000       10.0
20030619           15.2400          7.5000       10.0
20030701            0.9144         22.0000       10.0
20030701            2.7432         20.6000       10.0
20030701            4.5720         20.0000       10.0
20030701            6.0960         16.9000       10.0
20030701            9.1440         10.4000       10.0
20030701           12.1920          8.3000       10.0
20030701           15.2400          7.8000       10.0
20030713            0.9144         21.8000       10.0
20030713            2.7432         21.8000       10.0
20030713            4.5720         21.4000       10.0
20030713            6.0960         18.5000       10.0
20030713            9.1440         10.1000       10.0
20030713           12.1920          8.5000       10.0
20030713           15.2400          7.7000       10.0
20030729            0.9144         23.6000       10.0
20030729            2.7432         23.3000       10.0
20030729            4.5720         22.8000       10.0
20030729            6.0960         21.5000       10.0
20030729            9.1440         12.3000       10.0
20030729           12.1920          8.6000       10.0
20030729           15.2400          7.6000       10.0
20030814            0.9144         23.6000       10.0
20030814            2.7432         23.3000       10.0
20030814            4.5720         22.8000       10.0
20030814            6.0960         22.5000       10.0
20030814            9.1440         12.1000       10.0
20030814           12.1920          8.5000       10.0
20030814           15.2400          7.8000       10.0
20030917            0.9144         19.7000       10.0
20030917            2.7432         19.7000       10.0
20030917            4.5720         19.6000       10.0
20030917            6.0960         19.6000       10.0
20030917            9.1440         12.5000       10.0
20030917           12.1920          9.1000       10.0
20030917           15.2400          7.6000       10.0
20031005            0.9144         12.0000       10.0
20031005            2.7432         11.6000       10.0
20031005            4.5720         11.5000       10.0
20031005            6.0960         11.5000       10.0
20031005            9.1440         11.4000       10.0
20031005           12.1920         11.4000       10.0
20031005           15.2400          8.1000       10.0
20031016            0.9144         11.5000       10.0
20031016            2.7432         11.4000       10.0
20031016            4.5720         11.5000       10.0
20031016            6.0960         11.5000       10.0
20031016            9.1440         11.5000       10.0
20031016           12.1920         10.5000       10.0
20031016           15.2400          8.5000       10.0
20031029            0.9144          9.1000       10.0
20031029            2.7432          9.1000       10.0
20031029            4.5720          9.2000       10.0
20031029            6.0960          9.2000       10.0
20031029            9.1440          9.1000       10.0
20031029           12.1920          9.1000       10.0
20031029           15.2400          9.1000       10.0
20040515            0.9144         12.1000       10.0
20040515            2.7432         10.5000       10.0
20040515            4.5720         10.6000       10.0
20040515            6.0960         10.5000       10.0
20040515            9.1440          7.5000       10.0
20040515           12.1920          7.2000       10.0
20040515           15.2400          6.7000       10.0
20040606            0.9144         16.5000       10.0
20040606            2.7432         15.6000       10.0
20040606            4.5720         14.4000       10.0
20040606            6.0960         13.6000       10.0
20040606            9.1440         10.7000       10.0
20040606           12.1920          8.1000       10.0
20040606           15.2400          7.5000       10.0
20040829            0.9144         19.0000       10.0
20040829            2.7432         18.6000       10.0
20040829            4.5720         18.7000       10.0
20040829            6.0960         18.7000       10.0
20040829            9.1440         16.0000       10.0
20040829           12.1920          9.5000       10.0
20040829           15.2400          8.0000       10.0
20040908            0.9144         19.1000       10.0
20040908            2.7432         18.6000       10.0
20040908            4.5720         18.6000       10.0
20040908            6.0960         18.5000       10.0
20040908            9.1440         15.5000       10.0
20040908           12.1920          7.7000       10.0
20040908           15.2400          7.7000       10.0
20040923            0.9144         19.1000       10.0
20040923            2.7432         19.1000       10.0
20040923            4.5720         19.0000       10.0
20040923            6.0960         18.4000       10.0
20040923            9.1440         18.0000       10.0
20040923           12.1920         10.1000       10.0
20040923           15.2400          8.1000       10.0
20050616            0.9144         20.4000       10.0
20050616            2.7432         20.4000       10.0
20050616            4.5720         20.3000       10.0
20050616            6.0960         13.7000       10.0
20050616            9.1440         10.0000       10.0
20050616           12.1920          8.4000       10.0
20050616           15.2400          7.4000       10.0
20050715            0.9144         26.0000       10.0
20050715            2.7432         25.5000       10.0
20050715            4.5720         23.5000       10.0
20050715            6.0960         21.1000       10.0
20050715            9.1440         11.5000       10.0
20050715           12.1920          8.5000       10.0
20050715           15.2400          7.7000       10.0
20050729            0.9144         23.2000       10.0
20050729            2.7432         22.7000       10.0
20050729            4.5720         22.6000       10.0
20050729            6.0960         22.2000       10.0
20050729            9.1440         11.6000       10.0
20050729           12.1920          9.0000       10.0
20050729           15.2400          7.7000       10.0
20050815            0.9144         23.4000       10.0
20050815            2.7432         23.5000       10.0
20050815            4.5720         23.1000       10.0
20050815            6.0960         22.5000       10.0
20050815            9.1440         12.5000       10.0
20050815           12.1920          9.5000       10.0
20050815           15.2400          7.5000       10.0
20050905            0.9144         20.5000       10.0
20050905            2.7432         20.4000       10.0
20050905            4.5720         20.2000       10.0
20050905            6.0960         20.1000       10.0
20050905            9.1440         14.1000       10.0
20050905           12.1920          9.5000       10.0
20050905           15.2400          7.7000       10.0
20050920            0.9144         20.2000       10.0
20050920            2.7432         20.2000       10.0
20050920            4.5720         20.1000       10.0
20050920            6.0960         20.1000       10.0
20050920            9.1440         15.5000       10.0
20050920           12.1920         10.0000       10.0
20050920           15.2400          8.0000       10.0
20051008            0.9144         15.6000       10.0
20051008            2.7432         15.5000       10.0
20051008            4.5720         15.5000       10.0
20051008            6.0960         15.5000       10.0
20051008            9.1440         15.5000       10.0
20051008           12.1920         10.1000       10.0
20051008           15.2400          8.1000       10.0
20051016            0.9144         14.5000       10.0
20051016            2.7432         14.1000       10.0
20051016            4.5720         14.0000       10.0
20051016            6.0960         14.0000       10.0
20051016            9.1440         14.0000       10.0
20051016           12.1920         10.6000       10.0
20051016           15.2400          8.2000       10.0
20051028            0.9144         11.2000       10.0
20051028            2.7432         11.2000       10.0
20051028            4.5720         11.1000       10.0
20051028            6.0960         11.0000       10.0
20051028            9.1440         11.0000       10.0
20051028           12.1920         10.5000       10.0
20051028           15.2400          8.1000       10.0
20060522            4.5720         11.1000       10.0
20060522            6.0960         10.5000       10.0
20060522            7.6200         10.6000       10.0
20060522            9.1440         10.6000       10.0
20060522           10.6680         10.0000       10.0
20060522           12.1920          9.5000       10.0
20060522           15.2400          8.5000       10.0
20060531            4.5720         14.5000       10.0
20060531            6.0960         11.5000       10.0
20060531            7.6200         11.0000       10.0
20060531            9.1440         10.5000       10.0
20060531           10.6680         10.1000       10.0
20060531           12.1920          9.4000       10.0
20060531           15.2400          8.7000       10.0
20060614            4.5720         17.0000       10.0
20060614            6.0960         13.5000       10.0
20060614            7.6200         12.4000       10.0
20060614            9.1440         11.4000       10.0
20060614           10.6680         10.5000       10.0
20060614           12.1920          9.6000       10.0
20060614           15.2400          8.6000       10.0
20060706            4.5720         21.5000       10.0
20060706            6.0960         20.4000       10.0
20060706            7.6200         14.6000       10.0
20060706            9.1440         12.7000       10.0
20060706           10.6680         11.0000       10.0
20060706           12.1920          9.1000       10.0
20060706           15.2400          8.5000       10.0
20060717            4.5720         25.0000       10.0
20060717            6.0960         19.6000       10.0
20060717            7.6200         14.6000       10.0
20060717            9.1440         12.5000       10.0
20060717           10.6680         11.5000       10.0
20060717           12.1920         10.2000       10.0
20060717           15.2400          8.6000       10.0
20060729            4.5720         24.6000       10.0
20060729            6.0960         23.1000       10.0
20060729            7.6200         15.7000       10.0
20060729            9.1440         13.7000       10.0
20060729           10.6680         12.0000       10.0
20060729           12.1920         10.4000       10.0
20060729           15.2400          9.2000       10.0
20060814            4.5720         22.5000       10.0
20060814            6.0960         22.5000       10.0
20060814            7.6200         17.2000       10.0
20060814            9.1440         14.0000       10.0
20060814           10.6680         12.2000       10.0
20060814           12.1920         10.5000       10.0
20060814           13.7160          9.3000       10.0
20060830            4.5720         21.1000       10.0
20060830            6.0960         21.1000       10.0
20060830            7.6200         19.5000       10.0
20060830            9.1440         14.1000       10.0
20060830           10.6680         12.1000       10.0
20060830           12.1920         10.5000       10.0
20060830           15.2400          9.0000       10.0
20060914            4.5720         18.2000       10.0
20060914            6.0960         18.1000       10.0
20060914            7.6200         18.0000       10.0
20060914            9.1440         15.7000       10.0
20060914           10.6680         12.4000       10.0
20060914           12.1920         10.6000       10.0
20060914           15.2400          9.1000       10.0
20061001            4.5720         14.1000       10.0
20061001            6.0960         14.0000       10.0
20061001            7.6200         14.1000       10.0
20061001            9.1440         13.5000       10.0
20061001           10.6680         13.5000       10.0
20061001           12.1920         11.2000       10.0
20061001           15.2400          9.5000       10.0
20061015            4.5720          9.6000       10.0
20061015            6.0960          9.6000       10.0
20061015            7.6200          9.6000       10.0
20061015            9.1440          9.6000       10.0
20061015           10.6680          9.6000       10.0
20061015           12.1920          9.6000       10.0
20061015           15.2400          9.6000       10.0
20061027            4.5720          7.6000       10.0
20061027            6.0960          7.7000       10.0
20061027            7.6200          7.7000       10.0
20061027            9.1440          7.7000       10.0
20061027           10.6680          7.7000       10.0
20061027           12.1920          7.7000       10.0
20061027           15.2400          7.7000       10.0
20070528            4.5720         15.5000       10.0
20070528            6.0960         15.5000       10.0
20070528            7.6200         15.0000       10.0
20070528            9.1440         14.6000       10.0
20070528           10.6680          9.0000       10.0
20070528           12.1920          8.7000       10.0
20070528           15.2400          6.7000       10.0
20070615            4.5720         18.6000       10.0
20070615            6.0960         17.7000       10.0
20070615            7.6200         13.7000       10.0
20070615            9.1440         10.2000       10.0
20070615           10.6680          8.0000       10.0
20070615           12.1920          7.4000       10.0
20070615           15.2400          6.4000       10.0
20070627            4.5720         23.4000       10.0
20070627            6.0960         20.6000       10.0
20070627            7.6200         15.6000       10.0
20070627            9.1440         10.5000       10.0
20070627           10.6680          8.6000       10.0
20070627           12.1920          7.3000       10.0
20070627           15.2400          6.6000       10.0
20070706            4.5720         22.6000       10.0
20070706            6.0960         22.0000       10.0
20070706            7.6200         15.6000       10.0
20070706            9.1440         11.4000       10.0
20070706           10.6680          9.1000       10.0
20070706           12.1920          7.5000       10.0
20070706           15.2400          6.7000       10.0
20070808            4.5720         23.7000       10.0
20070808            6.0960         23.6000       10.0
20070808            7.6200         19.4000       10.0
20070808            9.1440         13.6000       10.0
20070808           10.6680         10.2000       10.0
20070808           12.1920          8.4000       10.0
20070808           15.2400          6.6000       10.0
20070822            4.5720         20.4000       10.0
20070822            6.0960         20.3000       10.0
20070822            7.6200         20.1000       10.0
20070822            9.1440         15.1000       10.0
20070822           10.6680         11.3000       10.0
20070822           12.1920          8.6000       10.0
20070822           15.2400          6.6000       10.0
20070905            4.5720         21.2000       10.0
20070905            6.0960         20.5000       10.0
20070905            7.6200         20.5000       10.0
20070905            9.1440         20.5000       10.0
20070905           10.6680         11.4000       10.0
20070905           12.1920          8.7000       10.0
20070905           15.2400          7.0000       10.0
20071017            4.5720         13.1000       10.0
20071017            6.0960         13.1000       10.0
20071017            7.6200         13.0000       10.0
20071017            9.1440         13.0000       10.0
20071017           10.6680         13.0000       10.0
20071017           12.1920         12.6000       10.0
20071017           15.2400          7.5000       10.0
20080512            4.5720          7.1000       10.0
20080512            6.0960          6.5000       10.0
20080512            7.6200          6.6000       10.0
20080512            9.1440          6.0000       10.0
20080512           10.6680          5.6000       10.0
20080512           12.1920          5.4000       10.0
20080512           15.2400          5.5000       10.0
20080620            4.5720         17.5000       10.0
20080620            6.0960         16.5000       10.0
20080620            7.6200         14.7000       10.0
20080620            9.1440          9.7000       10.0
20080620           10.6680          8.2000       10.0
20080620           12.1920          7.2000       10.0
20080620           15.2400          6.2000       10.0
20080630            4.5720         20.0000       10.0
20080630            6.0960         18.6000       10.0
20080630            7.6200         14.6000       10.0
20080630            9.1440         10.5000       10.0
20080630           10.6680          8.5000       10.0
20080630           12.1920          7.6000       10.0
20080630           15.2400          6.4000       10.0
20080711            4.5720         21.5000       10.0
20080711            6.0960         21.4000       10.0
20080711            7.6200         16.1000       10.0
20080711            9.1440         10.5000       10.0
20080711           10.6680          9.1000       10.0
20080711           12.1920          7.6000       10.0
20080711           15.2400          6.5000       10.0
20080718            4.5720         21.2000       10.0
20080718            6.0960         20.5000       10.0
20080718            7.6200         18.6000       10.0
20080718            9.1440         13.6000       10.0
20080718           10.6680          9.7000       10.0
20080718           12.1920          8.0000       10.0
20080718           15.2400          6.6000       10.0
20080730            4.5720         22.3000       10.0
20080730            6.0960         22.2000       10.0
20080730            7.6200         19.3000       10.0
20080730            9.1440         11.6000       10.0
20080730           10.6680          9.7000       10.0
20080730           12.1920          7.7000       10.0
20080730           15.2400          6.7000       10.0
20080813            4.5720         21.5000       10.0
20080813            6.0960         21.5000       10.0
20080813            7.6200         20.4000       10.0
20080813            9.1440          9.9000       10.0
20080813           10.6680          9.7000       10.0
20080813           12.1920          8.0000       10.0
20080813           15.2400          6.7000       10.0
20080820            4.5720         21.5000       10.0
20080820            6.0960         21.7000       10.0
20080820            7.6200         20.7000       10.0
20080820            9.1440         12.9000       10.0
20080820           10.6680          9.9000       10.0
20080820           12.1920          8.2000       10.0
20080820           15.2400          6.6000       10.0
20080827            4.5720         21.1000       10.0
20080827            6.0960         21.0000       10.0
20080827            7.6200         21.0000       10.0
20080827            9.1440         17.7000       10.0
20080827           10.6680         10.6000       10.0
20080827           12.1920          8.5000       10.0
20080827           15.2400          6.6000       10.0
20080905            4.5720         20.0000       10.0
20080905            6.0960         20.0000       10.0
20080905            7.6200         19.5000       10.0
20080905            9.1440         15.2000       10.0
20080905           10.6680         10.7000       10.0
20080905           12.1920          8.5000       10.0
20080905           15.2400          6.7000       10.0
20080916            4.5720         17.2000       10.0
20080916            6.0960         17.3000       10.0
20080916            7.6200         17.2000       10.0
20080916            9.1440         17.1000       10.0
20080916           10.6680         11.4000       10.0
20080916           12.1920          8.5000       10.0
20080916           15.2400          6.7000       10.0
20080925            4.5720         17.6000       10.0
20080925            6.0960         17.5000       10.0
20080925            7.6200         17.4000       10.0
20080925            9.1440         16.4000       10.0
20080925           10.6680         12.5000       10.0
20080925           12.1920          8.7000       10.0
20080925           15.2400          6.6000       10.0
20081003            4.5720         14.5000       10.0
20081003            6.0960         14.6000       10.0
20081003            7.6200         14.6000       10.0
20081003            9.1440         14.6000       10.0
20081003           10.6680         14.7000       10.0
20081003           12.1920          8.6000       10.0
20081003           15.2400          6.7000       10.0
20081017            4.5720         12.5000       10.0
20081017            6.0960         12.2000       10.0
20081017            7.6200         12.2000       10.0
20081017            9.1440         12.2000       10.0
20081017           10.6680         12.2000       10.0
20081017           12.1920         10.6000       10.0
20081017           15.2400          6.6000       10.0
20090504            4.5720          7.6000       10.0
20090504            6.0960          7.5000       10.0
20090504            7.6200          7.4000       10.0
20090504            9.1440          7.2000       10.0
20090504           10.6680          7.2000       10.0
20090504           12.1920          7.1000       10.0
20090504           15.2400          6.8000       10.0
20090519            4.5720         11.4000       10.0
20090519            6.0960         11.2000       10.0
20090519            7.6200         10.9000       10.0
20090519            9.1440         10.3000       10.0
20090519           10.6680         10.2000       10.0
20090519           12.1920          8.5000       10.0
20090519           15.2400          7.5000       10.0
20090604            4.5720         15.7000       10.0
20090604            6.0960         15.0000       10.0
20090604            7.6200         13.5000       10.0
20090604            9.1440         11.7000       10.0
20090604           10.6680         10.9000       10.0
20090604           12.1920          9.2000       10.0
20090604           15.2400          8.0000       10.0
20090623            4.5720         17.9000       10.0
20090623            6.0960         16.7000       10.0
20090623            7.6200         15.4000       10.0
20090623            9.1440         13.8000       10.0
20090623           10.6680         11.4000       10.0
20090623           12.1920          9.8000       10.0
20090623           15.2400          8.3000       10.0
20090707            4.5720         20.2000       10.0
20090707            6.0960         20.0000       10.0
20090707            7.6200         17.1000       10.0
20090707            9.1440         14.1000       10.0
20090707           10.6680         12.2000       10.0
20090707           12.1920         10.1000       10.0
20090707           15.2400          8.4000       10.0
20090720            4.5720         19.3000       10.0
20090720            6.0960         19.2000       10.0
20090720            9.1440         14.6000       10.0
20090720           10.6680         12.1000       10.0
20090720           12.1920         10.2000       10.0
20090720           15.2400          8.6000       10.0
20090803            4.5720         20.1000       10.0
20090803            6.0960         20.0000       10.0
20090803            7.6200         19.9000       10.0
20090803            9.1440         16.5000       10.0
20090803           10.6680         12.8000       10.0
20090803           12.1920         10.6000       10.0
20090803           15.2400          8.7000       10.0
20090824            4.5720         20.4000       10.0
20090824            6.0960         20.3000       10.0
20090824            7.6200         20.1000       10.0
20090824            9.1440         18.2000       10.0
20090824           10.6680         13.7000       10.0
20090824           12.1920         11.2000       10.0
20090824           15.2400          8.9000       10.0
20090908            4.5720         20.6000       10.0
20090908            6.0960         20.1000       10.0
20090908            7.6200         19.6000       10.0
20090908            9.1440         18.8000       10.0
20090908           10.6680         14.3000       10.0
20090908           12.1920         11.3000       10.0
20090908           15.2400          9.5000       10.0
20090924            4.5720         20.7000       10.0
20090924            6.0960         20.6000       10.0
20090924            7.6200         20.3000       10.0
20090924            9.1440         18.5000       10.0
20090924           10.6680         15.1000       10.0
20090924           12.1920         12.0000       10.0
20090924           15.2400         10.0000       10.0
20091009            4.5720         13.3000       10.0
20091009            6.0960         13.3000       10.0
20091009            7.6200         13.3000       10.0
20091009            9.1440         13.3000       10.0
20091009           10.6680         13.2000       10.0
20091009           12.1920         13.2000       10.0
20091009           15.2400          8.9000       10.0
20100419            4.5720          8.3000       10.0
20100419            6.0960          8.0000       10.0
20100419            7.6200          7.9000       10.0
20100419            9.1440          7.8000       10.0
20100419           10.6680          7.7000       10.0
20100419           12.1920          7.6000       10.0
20100419           15.2400          7.6000       10.0
20100506            4.5720         11.7000       10.0
20100506            6.0960         11.6000       10.0
20100506            7.6200         11.5000       10.0
20100506            9.1440         11.1000       10.0
20100506           10.6680         10.3000       10.0
20100506           12.1920          9.4000       10.0
20100506           15.2400          8.5000       10.0
20100517            4.5720         11.7000       10.0
20100517            6.0960         11.4000       10.0
20100517            7.6200         11.3000       10.0
20100517            9.1440         11.1000       10.0
20100517           10.6680         11.0000       10.0
20100517           12.1920         10.5000       10.0
20100517           15.2400          8.6000       10.0
20100607            4.5720         18.4000       10.0
20100607            6.0960         14.3000       10.0
20100607            7.6200         13.1000       10.0
20100607            9.1440         12.6000       10.0
20100607           10.6680         11.7000       10.0
20100607           12.1920         10.7000       10.0
20100607           15.2400          9.4000       10.0
20100617            4.5720         18.2000       10.0
20100617            6.0960         15.5000       10.0
20100617            7.6200         13.9000       10.0
20100617            9.1440         12.8000       10.0
20100617           10.6680         11.9000       10.0
20100617           12.1920         11.0000       10.0
20100617           15.2400          9.2000       10.0
20100709            4.5720         23.3000       10.0
20100709            6.0960         20.3000       10.0
20100709            7.6200         16.3000       10.0
20100709            9.1440         13.9000       10.0
20100709           10.6680         12.6000       10.0
20100709           12.1920         11.3000       10.0
20100709           15.2400          9.7000       10.0
20100725            4.5720         23.6000       10.0
20100725            6.0960         22.4000       10.0
20100725            7.6200         16.6000       10.0
20100725            9.1440         14.1000       10.0
20100725           10.6680         12.8000       10.0
20100725           12.1920         11.5000       10.0
20100725           15.2400          9.8000       10.0
20100812            4.5720         24.9000       10.0
20100812            6.0960         24.5000       10.0
20100812            7.6200         18.7000       10.0
20100812            9.1440         15.9000       10.0
20100812           10.6680         13.3000       10.0
20100812           12.1920         11.3000       10.0
20100812           15.2400         10.0000       10.0
20100823            4.5720         22.5000       10.0
20100823            6.0960         22.3000       10.0
20100823            7.6200         21.4000       10.0
20100823            9.1440         17.1000       10.0
20100823           10.6680         13.5000       10.0
20100823           12.1920         11.7000       10.0
20100823           15.2400         10.3000       10.0
20100912            4.5720         18.1000       10.0
20100912            6.0960         18.1000       10.0
20100912            7.6200         18.1000       10.0
20100912            9.1440         18.0000       10.0
20100912           10.6680         13.5000       10.0
20100912           12.1920         11.5000       10.0
20100912           15.2400         10.4000       10.0
20101005            4.5720         14.2000       10.0
20101005            6.0960         14.2000       10.0
20101005            7.6200         14.2000       10.0
20101005            9.1440         14.1000       10.0
20101005           10.6680         13.9000       10.0
20101005           12.1920         13.6000       10.0
20101005           15.2400         10.1000       10.0
20110511            4.5720          7.5000       10.0
20110511            6.0960          6.8000       10.0
20110511            7.6200          6.6000       10.0
20110511            9.1440          6.4000       10.0
20110511           12.1920          6.2000       10.0
20110511           15.2400          6.0000       10.0
20110608            4.5720         18.2000       10.0
20110608            6.0960         16.7000       10.0
20110608            7.6200         12.6000       10.0
20110608            9.1440          9.7000       10.0
20110608           10.6680          7.9000       10.0
20110608           12.1920          7.5000       10.0
20110608           15.2400          6.9000       10.0
20110625            4.5720         18.3000       10.0
20110625            6.0960         17.6000       10.0
20110625            7.6200         14.2000       10.0
20110625            9.1440         10.9000       10.0
20110625           10.6680          9.0000       10.0
20110625           12.1920          8.0000       10.0
20110625           15.2400          7.2000       10.0
20110725            4.5720         25.0000       10.0
20110725            6.0960         19.4000       10.0
20110725            7.6200         15.0000       10.0
20110725            9.1440         11.2000       10.0
20110725           10.6680          9.7000       10.0
20110725           12.1920          8.6000       10.0
20110725           15.2400          7.3000       10.0
20110811            4.5720         23.2000       10.0
20110811            6.0960         22.3000       10.0
20110811            7.6200         16.3000       10.0
20110811            9.1440         13.0000       10.0
20110811           10.6680          9.8000       10.0
20110811           12.1920          8.5000       10.0
20110811           15.2400          7.5000       10.0
20110907            4.5720         20.5000       10.0
20110907            6.0960         20.4000       10.0
20110907            7.6200         19.3000       10.0
20110907            9.1440         13.7000       10.0
20110907           10.6680         10.7000       10.0
20110907           12.1920          8.9000       10.0
20110907           15.2400          7.7000       10.0
20110919            4.5720         17.5000       10.0
20110919            6.0960         17.4000       10.0
20110919            7.6200         17.4000       10.0
20110919            9.1440         16.7000       10.0
20110919           10.6680         12.5000       10.0
20110919           12.1920          8.7000       10.0
20110919           15.2400          7.8000       10.0
20120413            4.5720          6.9444       10.0
20120413            6.0960          6.9444       10.0
20120413            7.6200          6.8889       10.0
20120413            9.1440          6.8889       10.0
20120413           10.6680          6.8889       10.0
20120413           12.1920          6.8889       10.0
20120413           15.2400          6.6667       10.0
20120531            4.5720         17.1111       10.0
20120531            6.0960         17.1111       10.0
20120531            7.6200         13.8333       10.0
20120531            9.1440         11.4444       10.0
20120531           10.6680         10.3333       10.0
20120531           12.1920          9.5000       10.0
20120531           15.2400          8.6667       10.0
20120711            4.5720         25.8889       10.0
20120711            6.0960         22.6667       10.0
20120711            7.6200         17.8889       10.0
20120711            9.1440         13.8889       10.0
20120711           10.6680         11.5000       10.0
20120711           12.1920         10.0556       10.0
20120711           15.2400          9.1111       10.0
20120725            4.5720         26.2778       10.0
20120725            6.0960         25.0000       10.0
20120725            7.6200         16.7778       10.0
20120725            9.1440         15.4444       10.0
20120725           10.6680         12.3333       10.0
20120725           12.1920         10.4444       10.0
20120725           15.2400          9.0556       10.0
20120822            4.5720         21.3889       10.0
20120822            6.0960         21.2778       10.0
20120822            7.6200         21.0556       10.0
20120822            9.1440         17.4444       10.0
20120822           10.6680         13.1667       10.0
20120822           12.1920         10.9444       10.0
20120822           15.2400          9.3889       10.0
20130525            4.5720         12.1667       10.0
20130525            6.0960          9.3333       10.0
20130525            7.6200          7.6667       10.0
20130525            9.1440          7.0556       10.0
20130525           10.6680          6.7778       10.0
20130525           12.1920          6.4444       10.0
20130525           15.2400          6.2222       10.0
20130624            4.5720         19.2778       10.0
20130624            6.0960         12.7778       10.0
20130624            7.6200         10.2778       10.0
20130624            9.1440          8.5000       10.0
20130624           10.6680          7.7222       10.0
20130624           12.1920          7.2222       10.0
20130624           15.2400          6.4444       10.0
20130720            4.5720         25.5000       10.0
20130720            6.0960         15.9444       10.0
20130720            7.6200         12.1667       10.0
20130720            9.1440          9.2778       10.0
20130720           10.6680          8.4444       10.0
20130720           12.1920          7.5000       10.0
20130720            4.5720          6.7222       10.0
20130829            6.0960         23.8889       10.0
20130829            7.6200         21.5556       10.0
20130829            9.1440         15.8889       10.0
20130829           10.6680         11.8889       10.0
20130829           12.1920          9.3889       10.0
20130829           15.2400          8.1111       10.0
20130829           18.5928          7.0556       10.0
20140523            4.5720         10.5556       10.0
20140523            6.0960          9.8889       10.0
20140523            7.6200          8.8889       10.0
20140523            9.1440          7.5000       10.0
20140523           10.6680          7.0000       10.0
20140523           12.1920          6.5556       10.0
20140523           15.2400          5.6667       10.0
20140622            4.5720         17.9444       10.0
20140622            6.0960         13.9444       10.0
20140622            7.6200         11.1667       10.0
20140622            9.1440          8.7222       10.0
20140622           10.6680          7.1667       10.0
20140622           12.1920          6.5556       10.0
20140622           15.2400          6.1111       10.0
20140723            4.5720         22.1111       10.0
20140723            6.0960         20.2778       10.0
20140723            7.6200         13.0556       10.0
20140723            9.1440          9.7222       10.0
20140723           10.6680          8.5556       10.0
20140723           12.1920          7.4444       10.0
20140723           15.2400          6.2222       10.0
20140903            4.5720         20.7222       10.0
20140903            6.0960         20.6667       10.0
20140903            9.1440         11.1111       10.0
20140903           10.6680          8.3333       10.0
20140903           12.1920          7.5556       10.0
20140903           15.2400          6.6667       10.0
20150527            4.5720         15.1667       10.0
20150527            6.0960         13.0556       10.0
20150527            7.6200         10.8333       10.0
20150527            9.1440          8.4444       10.0
20150527           10.6680          7.5556       10.0
20150527           12.1920          7.0556       10.0
20150527           15.2400          6.3889       10.0
20150627            4.5720         20.7778       10.0
20150627            6.0960         18.1111       10.0
20150627            7.6200         11.8889       10.0
20150627            9.1440          9.7222       10.0
20150627           10.6680          8.2778       10.0
20150627           12.1920          7.4444       10.0
20150627           15.2400          6.7778       10.0
20150720            4.5720         23.2222       10.0
20150720            6.0960         20.6667       10.0
20150720            7.6200         13.9444       10.0
20150720            9.1440         10.3889       10.0
20150720           10.6680          9.0556       10.0
20150720           12.1920          7.8333       10.0
20150720           15.2400          6.8889       10.0
20150826            4.5720         18.6667       10.0
20150826            6.0960         18.6111       10.0
20150826            7.6200         18.6111       10.0
20150826            9.1440         13.3333       10.0
20150826           10.6680          9.8333       10.0
20150826           12.1920          8.2778       10.0
20150826           15.2400          7.1111       10.0
