Observation #: 1076
-----------------------------------------------------
Time(YYYYMMDD)     Depth(m) Value(celsius)    Std(%)
20120326                 0.0         0.3000      10.0
20120326                 1.0         1.4000      10.0
20120326                 2.0         1.6000      10.0
20120326                 3.0         1.7000      10.0
20120326                 4.0         1.8000      10.0
20120326                 5.0         1.9000      10.0
20120326                 6.0         1.9000      10.0
20120326                 7.0         1.9000      10.0
20120326                 8.0         2.0000      10.0
20120326                 9.0         2.0000      10.0
20120326                10.0         2.0000      10.0
20120326                11.0         2.0000      10.0
20120326                12.0         2.1000      10.0
20120326                13.0         2.1000      10.0
20120326                14.0         2.1000      10.0
20120326                15.0         2.1000      10.0
20120326                16.0         2.1000      10.0
20120326                17.0         2.1000      10.0
20120326                18.0         2.2000      10.0
20120326                19.0         2.2000      10.0
20120326                20.0         2.2000      10.0
20120326                25.0         2.3000      10.0
20120326                30.0         2.3000      10.0
20120326                35.0         2.3000      10.0
20120326                40.0         2.4000      10.0
20120326                45.0         2.4000      10.0
20120326                50.0         2.5000      10.0
20120326                55.0         2.6000      10.0
20120326                60.0         2.6000      10.0
20120326                65.0         2.7000      10.0
20120515                 0.0         6.1000      10.0
20120515                 1.0         6.0000      10.0
20120515                 2.0         5.9000      10.0
20120515                 3.0         5.9000      10.0
20120515                 4.0         5.9000      10.0
20120515                 5.0         5.9000      10.0
20120515                 6.0         5.8000      10.0
20120515                 7.0         5.8000      10.0
20120515                 8.0         5.8000      10.0
20120515                 9.0         5.8000      10.0
20120515                10.0         5.7000      10.0
20120515                11.0         5.7000      10.0
20120515                12.0         5.7000      10.0
20120515                13.0         5.5000      10.0
20120515                14.0         5.5000      10.0
20120515                15.0         5.4000      10.0
20120515                16.0         5.4000      10.0
20120515                17.0         5.4000      10.0
20120515                18.0         5.3000      10.0
20120515                19.0         5.3000      10.0
20120515                20.0         5.3000      10.0
20120515                25.0         5.3000      10.0
20120515                30.0         5.2000      10.0
20120515                35.0         4.9000      10.0
20120515                40.0         4.8000      10.0
20120515                45.0         4.7000      10.0
20120515                50.0         4.6000      10.0
20120515                55.0         4.6000      10.0
20120515                60.0         4.5000      10.0
20120515                65.0         4.5000      10.0
20120611                 0.0        14.5000      10.0
20120611                 1.0        13.7000      10.0
20120611                 2.0        13.6000      10.0
20120611                 3.0        13.5000      10.0
20120611                 4.0        12.7000      10.0
20120611                 5.0        12.2000      10.0
20120611                 6.0        11.5000      10.0
20120611                 7.0        10.1000      10.0
20120611                 8.0         9.0000      10.0
20120611                 9.0         8.4000      10.0
20120611                10.0         8.0000      10.0
20120611                11.0         8.0000      10.0
20120611                12.0         7.8000      10.0
20120611                13.0         7.7000      10.0
20120611                14.0         7.7000      10.0
20120611                15.0         7.6000      10.0
20120611                16.0         7.5000      10.0
20120611                17.0         7.2000      10.0
20120611                18.0         7.1000      10.0
20120611                19.0         7.0000      10.0
20120611                20.0         6.7000      10.0
20120611                25.0         5.7000      10.0
20120611                30.0         5.3000      10.0
20120611                35.0         5.0000      10.0
20120611                40.0         4.9000      10.0
20120611                45.0         4.9000      10.0
20120611                50.0         4.8000      10.0
20120611                55.0         4.8000      10.0
20120611                60.0         4.8000      10.0
20120611                65.0         4.8000      10.0
20120710                 0.0        20.0000      10.0
20120710                 1.0        20.0000      10.0
20120710                 2.0        19.8000      10.0
20120710                 3.0        18.3000      10.0
20120710                 4.0        17.3000      10.0
20120710                 5.0        15.7000      10.0
20120710                 6.0        14.5000      10.0
20120710                 7.0        13.8000      10.0
20120710                 8.0        12.9000      10.0
20120710                 9.0        12.5000      10.0
20120710                10.0        10.8000      10.0
20120710                11.0         9.8000      10.0
20120710                12.0         9.0000      10.0
20120710                13.0         8.8000      10.0
20120710                14.0         8.4000      10.0
20120710                15.0         8.0000      10.0
20120710                16.0         7.8000      10.0
20120710                17.0         7.6000      10.0
20120710                18.0         7.4000      10.0
20120710                19.0         7.3000      10.0
20120710                20.0         7.1000      10.0
20120710                25.0         6.3000      10.0
20120710                30.0         5.8000      10.0
20120710                35.0         5.5000      10.0
20120710                40.0         5.3000      10.0
20120710                45.0         5.2000      10.0
20120710                50.0         5.1000      10.0
20120710                55.0         5.1000      10.0
20120710                60.0         5.1000      10.0
20120710                65.0         5.2000      10.0
20120814                 0.0        17.5000      10.0
20120814                 1.0        17.5000      10.0
20120814                 2.0        17.5000      10.0
20120814                 3.0        17.3000      10.0
20120814                 4.0        17.1000      10.0
20120814                 5.0        17.0000      10.0
20120814                 6.0        16.9000      10.0
20120814                 7.0        16.6000      10.0
20120814                 8.0        15.3000      10.0
20120814                 9.0        12.7000      10.0
20120814                10.0        10.8000      10.0
20120814                11.0         9.5000      10.0
20120814                12.0         9.1000      10.0
20120814                13.0         8.8000      10.0
20120814                14.0         8.6000      10.0
20120814                15.0         8.3000      10.0
20120814                16.0         8.0000      10.0
20120814                17.0         7.8000      10.0
20120814                18.0         7.5000      10.0
20120814                19.0         7.2000      10.0
20120814                20.0         6.9000      10.0
20120814                25.0         6.2000      10.0
20120814                30.0         5.7000      10.0
20120814                35.0         5.5000      10.0
20120814                40.0         5.4000      10.0
20120814                45.0         5.3000      10.0
20120814                50.0         5.3000      10.0
20120814                55.0         5.2000      10.0
20120814                60.0         5.2000      10.0
20120814                65.0         5.2000      10.0
20120919                 0.0        13.3000      10.0
20120919                 1.0        13.3000      10.0
20120919                 2.0        13.3000      10.0
20120919                 3.0        13.3000      10.0
20120919                 4.0        13.3000      10.0
20120919                 5.0        13.2000      10.0
20120919                 6.0        13.2000      10.0
20120919                 7.0        13.2000      10.0
20120919                 8.0        13.2000      10.0
20120919                 9.0        13.2000      10.0
20120919                10.0        13.1000      10.0
20120919                11.0        12.5000      10.0
20120919                12.0        11.0000      10.0
20120919                13.0         9.8000      10.0
20120919                14.0         8.9000      10.0
20120919                15.0         8.5000      10.0
20120919                20.0         7.0000      10.0
20120919                25.0         6.3000      10.0
20120919                30.0         5.7000      10.0
20120919                35.0         5.8000      10.0
20120919                40.0         5.4000      10.0
20120919                45.0         5.4000      10.0
20120919                50.0         5.3000      10.0
20120919                55.0         5.3000      10.0
20120919                60.0         5.3000      10.0
20120919                65.0         5.3000      10.0
20121015                 0.0         9.6000      10.0
20121015                 1.0         9.6000      10.0
20121015                 2.0         9.6000      10.0
20121015                 3.0         9.6000      10.0
20121015                 4.0         9.6000      10.0
20121015                 5.0         9.6000      10.0
20121015                 6.0         9.6000      10.0
20121015                 7.0         9.6000      10.0
20121015                 8.0         9.6000      10.0
20121015                 9.0         9.6000      10.0
20121015                10.0         9.6000      10.0
20121015                11.0         9.6000      10.0
20121015                12.0         9.6000      10.0
20121015                13.0         9.6000      10.0
20121015                14.0         9.5000      10.0
20121015                15.0         9.4000      10.0
20121015                16.0         9.0000      10.0
20121015                17.0         8.9000      10.0
20121015                18.0         8.9000      10.0
20121015                19.0         8.6000      10.0
20121015                20.0         8.3000      10.0
20121015                25.0         6.7000      10.0
20121015                30.0         6.0000      10.0
20121015                35.0         5.5000      10.0
20121015                40.0         5.4000      10.0
20121015                45.0         5.4000      10.0
20121015                50.0         5.4000      10.0
20121015                55.0         5.3000      10.0
20121015                60.0         5.3000      10.0
20121015                65.0         5.3000      10.0
20121115                 0.0         5.0000      10.0
20121115                 1.0         5.0000      10.0
20121115                 2.0         5.0000      10.0
20121115                 3.0         5.0000      10.0
20121115                 4.0         5.0000      10.0
20121115                 5.0         5.0000      10.0
20121115                 6.0         5.0000      10.0
20121115                 7.0         5.0000      10.0
20121115                 8.0         5.0000      10.0
20121115                 9.0         5.0000      10.0
20121115                10.0         5.0000      10.0
20121115                11.0         4.9000      10.0
20121115                12.0         4.9000      10.0
20121115                13.0         4.9000      10.0
20121115                14.0         4.9000      10.0
20121115                15.0         4.9000      10.0
20121115                16.0         4.9000      10.0
20121115                17.0         4.9000      10.0
20121115                18.0         4.9000      10.0
20121115                19.0         4.9000      10.0
20121115                20.0         4.9000      10.0
20121115                25.0         4.9000      10.0
20121115                30.0         4.9000      10.0
20121115                35.0         4.9000      10.0
20121115                40.0         4.9000      10.0
20121115                45.0         4.9000      10.0
20121115                50.0         4.9000      10.0
20121115                55.0         4.9000      10.0
20121115                60.0         4.9000      10.0
20121115                65.0         4.9000      10.0
20130311                 0.0         0.8000      10.0
20130311                 1.0         1.9000      10.0
20130311                 2.0         2.4000      10.0
20130311                 3.0         2.6000      10.0
20130311                 4.0         2.8000      10.0
20130311                 5.0         2.9000      10.0
20130311                 6.0         2.9000      10.0
20130311                 7.0         2.9000      10.0
20130311                 8.0         3.0000      10.0
20130311                 9.0         3.0000      10.0
20130311                10.0         3.1000      10.0
20130311                11.0         3.1000      10.0
20130311                12.0         3.1000      10.0
20130311                13.0         3.1000      10.0
20130311                14.0         3.2000      10.0
20130311                15.0         3.2000      10.0
20130311                16.0         3.2000      10.0
20130311                17.0         3.2000      10.0
20130311                18.0         3.2000      10.0
20130311                19.0         3.3000      10.0
20130311                20.0         3.3000      10.0
20130311                25.0         3.4000      10.0
20130311                30.0         3.4000      10.0
20130311                35.0         3.4000      10.0
20130311                40.0         3.5000      10.0
20130311                45.0         3.6000      10.0
20130311                50.0         3.6000      10.0
20130311                55.0         3.6000      10.0
20130311                60.0         3.7000      10.0
20130311                65.0         3.7000      10.0
20130516                 0.0        13.0000      10.0
20130516                 1.0        12.6000      10.0
20130516                 2.0         8.7000      10.0
20130516                 3.0         7.4000      10.0
20130516                 4.0         7.1000      10.0
20130516                 5.0         7.0000      10.0
20130516                 6.0         6.6000      10.0
20130516                 7.0         6.5000      10.0
20130516                 8.0         6.3000      10.0
20130516                 9.0         5.9000      10.0
20130516                10.0         5.6000      10.0
20130516                11.0         5.5000      10.0
20130516                12.0         5.2000      10.0
20130516                13.0         5.1000      10.0
20130516                14.0         5.0000      10.0
20130516                15.0         5.0000      10.0
20130516                16.0         4.9000      10.0
20130516                17.0         4.8000      10.0
20130516                18.0         4.6000      10.0
20130516                19.0         4.6000      10.0
20130516                20.0         4.6000      10.0
20130516                25.0         4.5000      10.0
20130516                30.0         4.4000      10.0
20130516                35.0         4.3000      10.0
20130516                40.0         4.2000      10.0
20130516                45.0         4.2000      10.0
20130516                50.0         4.2000      10.0
20130516                55.0         4.2000      10.0
20130516                60.0         4.1000      10.0
20130516                65.0         4.1000      10.0
20130618                 0.0        16.1000      10.0
20130618                 1.0        16.1000      10.0
20130618                 2.0        16.1000      10.0
20130618                 3.0        16.1000      10.0
20130618                 4.0        16.1000      10.0
20130618                 5.0        15.8000      10.0
20130618                 6.0        15.6000      10.0
20130618                 7.0        13.2000      10.0
20130618                 8.0        10.4000      10.0
20130618                 9.0         8.6000      10.0
20130618                10.0         7.8000      10.0
20130618                11.0         7.6000      10.0
20130618                12.0         7.2000      10.0
20130618                13.0         6.9000      10.0
20130618                14.0         6.6000      10.0
20130618                15.0         6.4000      10.0
20130618                16.0         6.3000      10.0
20130618                17.0         6.2000      10.0
20130618                18.0         6.0000      10.0
20130618                19.0         5.8000      10.0
20130618                20.0         5.6000      10.0
20130618                25.0         5.2000      10.0
20130618                30.0         4.9000      10.0
20130618                35.0         4.6000      10.0
20130618                40.0         4.5000      10.0
20130618                45.0         4.5000      10.0
20130618                50.0         4.5000      10.0
20130618                55.0         4.5000      10.0
20130618                60.0         4.4000      10.0
20130618                65.0         4.4000      10.0
20130717                 0.0        18.9000      10.0
20130717                 1.0        18.9000      10.0
20130717                 2.0        18.9000      10.0
20130717                 3.0        18.8000      10.0
20130717                 4.0        18.7000      10.0
20130717                 5.0        18.5000      10.0
20130717                 6.0        13.4000      10.0
20130717                 7.0        12.3000      10.0
20130717                 8.0        10.1000      10.0
20130717                 9.0         9.1000      10.0
20130717                10.0         8.8000      10.0
20130717                11.0         8.4000      10.0
20130717                12.0         8.1000      10.0
20130717                13.0         7.7000      10.0
20130717                14.0         7.2000      10.0
20130717                15.0         7.1000      10.0
20130717                16.0         7.0000      10.0
20130717                17.0         6.6000      10.0
20130717                18.0         6.5000      10.0
20130717                19.0         6.4000      10.0
20130717                20.0         6.2000      10.0
20130717                25.0         5.5000      10.0
20130717                30.0         5.2000      10.0
20130717                35.0         4.8000      10.0
20130717                40.0         4.6000      10.0
20130717                45.0         4.6000      10.0
20130717                50.0         4.6000      10.0
20130717                55.0         4.5000      10.0
20130717                60.0         4.5000      10.0
20130717                65.0         4.5000      10.0
20130813                 0.0        19.5000      10.0
20130813                 1.0        19.5000      10.0
20130813                 2.0        19.4000      10.0
20130813                 3.0        19.3000      10.0
20130813                 4.0        19.0000      10.0
20130813                 5.0        17.3000      10.0
20130813                 6.0        16.3000      10.0
20130813                 7.0        13.5000      10.0
20130813                 8.0        12.3000      10.0
20130813                 9.0        11.1000      10.0
20130813                10.0         9.5000      10.0
20130813                11.0         9.0000      10.0
20130813                12.0         8.3000      10.0
20130813                13.0         7.8000      10.0
20130813                14.0         7.6000      10.0
20130813                15.0         7.3000      10.0
20130813                16.0         7.0000      10.0
20130813                17.0         6.8000      10.0
20130813                18.0         6.5000      10.0
20130813                19.0         6.3000      10.0
20130813                20.0         6.1000      10.0
20130813                25.0         5.4000      10.0
20130813                30.0         4.9000      10.0
20130813                35.0         4.8000      10.0
20130813                40.0         4.7000      10.0
20130813                45.0         4.6000      10.0
20130813                50.0         4.6000      10.0
20130813                55.0         4.6000      10.0
20130813                60.0         4.5000      10.0
20130813                65.0         4.5000      10.0
20130916                 0.0        15.9000      10.0
20130916                 1.0        15.8000      10.0
20130916                 2.0        15.8000      10.0
20130916                 3.0        15.8000      10.0
20130916                 4.0        15.8000      10.0
20130916                 5.0        15.7000      10.0
20130916                 6.0        15.7000      10.0
20130916                 7.0        15.5000      10.0
20130916                 8.0        13.7000      10.0
20130916                 9.0        12.2000      10.0
20130916                10.0         9.9000      10.0
20130916                11.0         8.7000      10.0
20130916                12.0         8.1000      10.0
20130916                13.0         7.9000      10.0
20130916                14.0         7.5000      10.0
20130916                15.0         7.3000      10.0
20130916                16.0         7.1000      10.0
20130916                17.0         6.8000      10.0
20130916                18.0         6.6000      10.0
20130916                19.0         6.4000      10.0
20130916                20.0         6.2000      10.0
20130916                25.0         5.4000      10.0
20130916                30.0         5.1000      10.0
20130916                35.0         4.9000      10.0
20130916                40.0         4.8000      10.0
20130916                45.0         4.7000      10.0
20130916                50.0         4.7000      10.0
20130916                55.0         4.6000      10.0
20130916                60.0         4.6000      10.0
20130916                65.0         4.6000      10.0
20131015                 0.0         9.1000      10.0
20131015                 1.0         9.1000      10.0
20131015                 2.0         9.1000      10.0
20131015                 3.0         9.1000      10.0
20131015                 4.0         9.1000      10.0
20131015                 5.0         9.1000      10.0
20131015                 6.0         9.1000      10.0
20131015                 7.0         9.1000      10.0
20131015                 8.0         9.1000      10.0
20131015                 9.0         9.1000      10.0
20131015                10.0         9.1000      10.0
20131015                11.0         9.1000      10.0
20131015                12.0         9.1000      10.0
20131015                13.0         9.1000      10.0
20131015                14.0         9.1000      10.0
20131015                15.0         9.0000      10.0
20131015                16.0         9.0000      10.0
20131015                17.0         9.0000      10.0
20131015                18.0         8.5000      10.0
20131015                19.0         7.5000      10.0
20131015                20.0         6.9000      10.0
20131015                25.0         5.5000      10.0
20131015                30.0         5.0000      10.0
20131015                35.0         4.9000      10.0
20131015                40.0         4.8000      10.0
20131015                45.0         4.7000      10.0
20131015                50.0         4.7000      10.0
20131015                55.0         4.7000      10.0
20131015                60.0         4.7000      10.0
20131015                65.0         4.7000      10.0
20131112                 0.0         5.8000      10.0
20131112                 1.0         5.8000      10.0
20131112                 2.0         5.8000      10.0
20131112                 3.0         5.8000      10.0
20131112                 4.0         5.8000      10.0
20131112                 5.0         5.8000      10.0
20131112                 6.0         5.8000      10.0
20131112                 7.0         5.8000      10.0
20131112                 8.0         5.8000      10.0
20131112                 9.0         5.8000      10.0
20131112                10.0         5.8000      10.0
20131112                11.0         5.8000      10.0
20131112                12.0         5.8000      10.0
20131112                13.0         5.8000      10.0
20131112                14.0         5.8000      10.0
20131112                15.0         5.8000      10.0
20131112                16.0         5.8000      10.0
20131112                17.0         5.8000      10.0
20131112                18.0         5.8000      10.0
20131112                19.0         5.8000      10.0
20131112                20.0         5.8000      10.0
20131112                25.0         5.8000      10.0
20131112                30.0         5.8000      10.0
20131112                35.0         5.7000      10.0
20131112                40.0         5.5000      10.0
20131112                45.0         5.5000      10.0
20131112                50.0         5.5000      10.0
20131112                55.0         5.5000      10.0
20131112                60.0         5.3000      10.0
20131112                65.0         5.3000      10.0
20140513                 0.0         7.5000      10.0
20140513                 1.0         7.5000      10.0
20140513                 2.0         7.4000      10.0
20140513                 3.0         7.2000      10.0
20140513                 4.0         7.0000      10.0
20140513                 5.0         6.7000      10.0
20140513                 6.0         6.3000      10.0
20140513                 7.0         6.3000      10.0
20140513                 8.0         6.2000      10.0
20140513                 9.0         6.1000      10.0
20140513                10.0         5.9000      10.0
20140513                11.0         5.8000      10.0
20140513                12.0         5.8000      10.0
20140513                13.0         5.7000      10.0
20140513                14.0         5.7000      10.0
20140513                15.0         5.6000      10.0
20140513                16.0         5.6000      10.0
20140513                17.0         5.6000      10.0
20140513                18.0         5.5000      10.0
20140513                19.0         5.5000      10.0
20140513                20.0         5.5000      10.0
20140513                25.0         5.3000      10.0
20140513                30.0         5.3000      10.0
20140513                35.0         5.2000      10.0
20140513                40.0         5.1000      10.0
20140513                45.0         5.1000      10.0
20140513                50.0         5.1000      10.0
20140513                55.0         5.1000      10.0
20140513                60.0         5.0000      10.0
20140513                65.0         5.0000      10.0
20140617                 0.0        15.5000      10.0
20140617                 1.0        15.5000      10.0
20140617                 2.0        15.5000      10.0
20140617                 3.0        15.5000      10.0
20140617                 4.0        15.5000      10.0
20140617                 5.0        15.5000      10.0
20140617                 6.0        15.4000      10.0
20140617                 7.0        15.3000      10.0
20140617                 8.0        12.0000      10.0
20140617                 9.0        10.9000      10.0
20140617                10.0        10.4000      10.0
20140617                11.0         9.0000      10.0
20140617                12.0         8.8000      10.0
20140617                13.0         8.3000      10.0
20140617                14.0         7.9000      10.0
20140617                15.0         7.4000      10.0
20140617                16.0         7.1000      10.0
20140617                17.0         7.0000      10.0
20140617                18.0         6.9000      10.0
20140617                19.0         6.8000      10.0
20140617                20.0         6.6000      10.0
20140617                25.0         6.1000      10.0
20140617                30.0         5.8000      10.0
20140617                35.0         5.5000      10.0
20140617                40.0         5.4000      10.0
20140617                45.0         5.3000      10.0
20140617                50.0         5.3000      10.0
20140617                55.0         5.3000      10.0
20140617                60.0         5.2000      10.0
20140617                65.0         5.2000      10.0
20140715                 0.0        21.3000      10.0
20140715                 1.0        21.1000      10.0
20140715                 2.0        20.5000      10.0
20140715                 3.0        17.6000      10.0
20140715                 4.0        14.6000      10.0
20140715                 5.0        14.1000      10.0
20140715                 6.0        13.5000      10.0
20140715                 7.0        13.3000      10.0
20140715                 8.0        12.8000      10.0
20140715                 9.0        12.3000      10.0
20140715                10.0        12.1000      10.0
20140715                11.0        10.9000      10.0
20140715                12.0        10.1000      10.0
20140715                13.0         9.1000      10.0
20140715                14.0         8.5000      10.0
20140715                15.0         7.8000      10.0
20140715                16.0         7.5000      10.0
20140715                17.0         7.2000      10.0
20140715                18.0         6.7000      10.0
20140715                19.0         6.6000      10.0
20140715                20.0         6.5000      10.0
20140715                25.0         5.9000      10.0
20140715                30.0         5.6000      10.0
20140715                35.0         5.5000      10.0
20140715                40.0         5.4000      10.0
20140715                45.0         5.4000      10.0
20140715                50.0         5.4000      10.0
20140715                55.0         5.3000      10.0
20140715                60.0         5.3000      10.0
20140715                65.0         5.3000      10.0
20140812                 0.0        22.8000      10.0
20140812                 1.0        22.8000      10.0
20140812                 2.0        22.8000      10.0
20140812                 3.0        22.7000      10.0
20140812                 4.0        21.2000      10.0
20140812                 5.0        18.1000      10.0
20140812                 6.0        14.5000      10.0
20140812                 7.0        13.3000      10.0
20140812                 8.0        11.9000      10.0
20140812                 9.0        11.2000      10.0
20140812                10.0        10.6000      10.0
20140812                11.0         9.9000      10.0
20140812                12.0         9.4000      10.0
20140812                13.0         9.3000      10.0
20140812                14.0         8.9000      10.0
20140812                15.0         8.5000      10.0
20140812                16.0         8.1000      10.0
20140812                17.0         7.8000      10.0
20140812                18.0         7.4000      10.0
20140812                19.0         7.0000      10.0
20140812                20.0         6.7000      10.0
20140812                25.0         6.1000      10.0
20140812                30.0         5.7000      10.0
20140812                35.0         5.6000      10.0
20140812                40.0         5.5000      10.0
20140812                45.0         5.5000      10.0
20140812                50.0         5.4000      10.0
20140812                55.0         5.4000      10.0
20140812                60.0         5.4000      10.0
20140812                65.0         5.4000      10.0
20140916                 0.0        16.3000      10.0
20140916                 1.0        16.1000      10.0
20140916                 2.0        16.0000      10.0
20140916                 3.0        16.0000      10.0
20140916                 4.0        15.9000      10.0
20140916                 5.0        15.5000      10.0
20140916                 6.0        15.3000      10.0
20140916                 7.0        15.0000      10.0
20140916                 8.0        14.3000      10.0
20140916                 9.0        12.7000      10.0
20140916                10.0        10.8000      10.0
20140916                11.0        10.3000      10.0
20140916                12.0         9.9000      10.0
20140916                13.0         9.6000      10.0
20140916                14.0         8.9000      10.0
20140916                15.0         8.5000      10.0
20140916                16.0         8.2000      10.0
20140916                17.0         7.8000      10.0
20140916                18.0         7.5000      10.0
20140916                19.0         7.3000      10.0
20140916                20.0         7.1000      10.0
20140916                25.0         6.4000      10.0
20140916                30.0         5.9000      10.0
20140916                35.0         5.7000      10.0
20140916                40.0         5.6000      10.0
20140916                45.0         5.5000      10.0
20140916                50.0         5.5000      10.0
20140916                55.0         5.5000      10.0
20140916                60.0         5.5000      10.0
20140916                65.0         5.4000      10.0
20141014                 0.0         9.6000      10.0
20141014                 1.0         9.6000      10.0
20141014                 2.0         9.6000      10.0
20141014                 3.0         9.6000      10.0
20141014                 4.0         9.6000      10.0
20141014                 5.0         9.6000      10.0
20141014                 6.0         9.6000      10.0
20141014                 7.0         9.6000      10.0
20141014                 8.0         9.6000      10.0
20141014                 9.0         9.6000      10.0
20141014                10.0         9.6000      10.0
20141014                11.0         9.6000      10.0
20141014                12.0         9.6000      10.0
20141014                13.0         9.6000      10.0
20141014                14.0         9.6000      10.0
20141014                15.0         9.4000      10.0
20141014                16.0         9.3000      10.0
20141014                17.0         9.2000      10.0
20141014                18.0         9.1000      10.0
20141014                19.0         9.0000      10.0
20141014                20.0         7.9000      10.0
20141014                25.0         6.5000      10.0
20141014                30.0         6.0000      10.0
20141014                35.0         5.8000      10.0
20141014                40.0         5.6000      10.0
20141014                45.0         5.6000      10.0
20141014                50.0         5.5000      10.0
20141014                55.0         5.5000      10.0
20141014                60.0         5.5000      10.0
20141014                65.0         5.5000      10.0
20141112                 0.0         5.5000      10.0
20141112                 1.0         5.5000      10.0
20141112                 2.0         5.5000      10.0
20141112                 3.0         5.5000      10.0
20141112                 4.0         5.5000      10.0
20141112                 5.0         5.5000      10.0
20141112                 6.0         5.5000      10.0
20141112                 7.0         5.5000      10.0
20141112                 8.0         5.5000      10.0
20141112                 9.0         5.5000      10.0
20141112                10.0         5.5000      10.0
20141112                11.0         5.5000      10.0
20141112                12.0         5.5000      10.0
20141112                13.0         5.5000      10.0
20141112                14.0         5.5000      10.0
20141112                15.0         5.6000      10.0
20141112                16.0         5.5000      10.0
20141112                17.0         5.5000      10.0
20141112                18.0         5.5000      10.0
20141112                19.0         5.5000      10.0
20141112                20.0         5.5000      10.0
20141112                25.0         5.5000      10.0
20141112                30.0         5.5000      10.0
20141112                35.0         5.5000      10.0
20141112                40.0         5.5000      10.0
20141112                45.0         5.5000      10.0
20141112                50.0         5.5000      10.0
20141112                55.0         5.5000      10.0
20141112                60.0         5.5000      10.0
20141112                65.0         5.5000      10.0
20150512                 0.0         6.1000      10.0
20150512                 1.0         6.1000      10.0
20150512                 2.0         6.1000      10.0
20150512                 3.0         6.1000      10.0
20150512                 4.0         6.1000      10.0
20150512                 5.0         6.1000      10.0
20150512                 6.0         6.0000      10.0
20150512                 7.0         6.0000      10.0
20150512                 8.0         6.0000      10.0
20150512                 9.0         5.9000      10.0
20150512                10.0         5.8000      10.0
20150512                11.0         5.7000      10.0
20150512                12.0         5.7000      10.0
20150512                13.0         5.7000      10.0
20150512                14.0         5.6000      10.0
20150512                15.0         5.5000      10.0
20150512                16.0         5.5000      10.0
20150512                17.0         5.4000      10.0
20150512                18.0         5.4000      10.0
20150512                19.0         5.4000      10.0
20150512                20.0         5.3000      10.0
20150512                25.0         4.7000      10.0
20150512                30.0         4.6000      10.0
20150512                35.0         4.6000      10.0
20150512                40.0         4.6000      10.0
20150512                45.0         4.6000      10.0
20150512                50.0         4.5000      10.0
20150512                55.0         4.5000      10.0
20150512                60.0         4.5000      10.0
20150512                65.0         4.4000      10.0
20150617                 0.0        12.6000      10.0
20150617                 1.0        12.6000      10.0
20150617                 2.0        12.6000      10.0
20150617                 3.0        12.6000      10.0
20150617                 4.0        12.6000      10.0
20150617                 5.0        12.6000      10.0
20150617                 6.0        12.6000      10.0
20150617                 7.0        12.6000      10.0
20150617                 8.0        12.5000      10.0
20150617                 9.0        12.5000      10.0
20150617                10.0        11.8000      10.0
20150617                11.0        11.4000      10.0
20150617                12.0        10.9000      10.0
20150617                13.0        10.7000      10.0
20150617                14.0        10.7000      10.0
20150617                15.0        10.6000      10.0
20150617                16.0         9.8000      10.0
20150617                17.0         9.8000      10.0
20150617                18.0         8.9000      10.0
20150617                19.0         8.3000      10.0
20150617                20.0         7.8000      10.0
20150617                25.0         6.6000      10.0
20150617                30.0         6.0000      10.0
20150617                35.0         5.6000      10.0
20150617                40.0         5.6000      10.0
20150617                45.0         5.4000      10.0
20150617                50.0         5.4000      10.0
20150617                55.0         5.3000      10.0
20150617                60.0         5.3000      10.0
20150617                65.0         5.3000      10.0
20150714                 0.0        18.5000      10.0
20150714                 1.0        18.5000      10.0
20150714                 2.0        17.8000      10.0
20150714                 3.0        17.7000      10.0
20150714                 4.0        17.7000      10.0
20150714                 5.0        17.6000      10.0
20150714                 6.0        17.5000      10.0
20150714                 7.0        14.8000      10.0
20150714                 8.0        13.4000      10.0
20150714                 9.0        13.1000      10.0
20150714                10.0        11.9000      10.0
20150714                11.0        11.5000      10.0
20150714                12.0        11.2000      10.0
20150714                13.0        10.8000      10.0
20150714                14.0        10.3000      10.0
20150714                15.0         9.9000      10.0
20150714                16.0         9.6000      10.0
20150714                17.0         9.2000      10.0
20150714                18.0         8.6000      10.0
20150714                19.0         8.3000      10.0
20150714                20.0         7.8000      10.0
20150714                25.0         6.8000      10.0
20150714                30.0         5.9000      10.0
20150714                35.0         5.6000      10.0
20150714                40.0         5.6000      10.0
20150714                45.0         5.5000      10.0
20150714                50.0         5.4000      10.0
20150714                55.0         5.4000      10.0
20150714                60.0         5.4000      10.0
20150714                65.0         5.4000      10.0
20150818                 0.0        18.9000      10.0
20150818                 1.0        18.7000      10.0
20150818                 2.0        18.6000      10.0
20150818                 3.0        18.6000      10.0
20150818                 4.0        18.5000      10.0
20150818                 5.0        18.4000      10.0
20150818                 6.0        18.2000      10.0
20150818                 7.0        18.0000      10.0
20150818                 8.0        15.2000      10.0
20150818                 9.0        14.4000      10.0
20150818                10.0        12.7000      10.0
20150818                11.0        12.0000      10.0
20150818                12.0        11.6000      10.0
20150818                13.0        11.2000      10.0
20150818                14.0        10.9000      10.0
20150818                15.0        10.5000      10.0
20150818                16.0         9.7000      10.0
20150818                17.0         9.2000      10.0
20150818                18.0         8.8000      10.0
20150818                19.0         8.4000      10.0
20150818                20.0         8.0000      10.0
20150818                25.0         6.9000      10.0
20150818                30.0         6.1000      10.0
20150818                35.0         5.9000      10.0
20150818                40.0         5.7000      10.0
20150818                45.0         5.6000      10.0
20150818                50.0         5.6000      10.0
20150818                55.0         5.6000      10.0
20150818                60.0         5.5000      10.0
20150818                65.0         5.5000      10.0
20150915                 0.0        15.3000      10.0
20150915                 1.0        15.3000      10.0
20150915                 2.0        15.3000      10.0
20150915                 3.0        15.3000      10.0
20150915                 4.0        15.3000      10.0
20150915                 5.0        15.3000      10.0
20150915                 6.0        15.3000      10.0
20150915                 7.0        15.2000      10.0
20150915                 8.0        14.9000      10.0
20150915                 9.0        14.7000      10.0
20150915                10.0        14.0000      10.0
20150915                11.0        13.4000      10.0
20150915                12.0        12.5000      10.0
20150915                13.0        11.5000      10.0
20150915                14.0        11.0000      10.0
20150915                15.0        10.4000      10.0
20150915                16.0         9.9000      10.0
20150915                17.0         9.3000      10.0
20150915                18.0         8.6000      10.0
20150915                19.0         8.3000      10.0
20150915                20.0         8.1000      10.0
20150915                25.0         7.0000      10.0
20150915                30.0         6.0000      10.0
20150915                35.0         5.8000      10.0
20150915                40.0         5.7000      10.0
20150915                45.0         5.6000      10.0
20150915                50.0         5.6000      10.0
20150915                55.0         5.6000      10.0
20150915                60.0         5.5000      10.0
20150915                65.0         5.5000      10.0
20151013                 0.0         9.7000      10.0
20151013                 1.0         9.7000      10.0
20151013                 2.0         9.7000      10.0
20151013                 3.0         9.7000      10.0
20151013                 4.0         9.7000      10.0
20151013                 5.0         9.7000      10.0
20151013                 6.0         9.7000      10.0
20151013                 7.0         9.7000      10.0
20151013                 8.0         9.7000      10.0
20151013                 9.0         9.7000      10.0
20151013                10.0         9.7000      10.0
20151013                11.0         9.7000      10.0
20151013                12.0         9.6000      10.0
20151013                13.0         9.6000      10.0
20151013                14.0         9.6000      10.0
20151013                15.0         9.6000      10.0
20151013                16.0         9.5000      10.0
20151013                17.0         9.5000      10.0
20151013                18.0         9.4000      10.0
20151013                19.0         9.1000      10.0
20151013                20.0         8.8000      10.0
20151013                25.0         7.3000      10.0
20151013                30.0         6.3000      10.0
20151013                35.0         5.8000      10.0
20151013                40.0         5.7000      10.0
20151013                45.0         5.7000      10.0
20151013                50.0         5.6000      10.0
20151013                55.0         5.6000      10.0
20151013                60.0         5.6000      10.0
20151013                65.0         5.6000      10.0
20160512                 0.0        13.5000      10.0
20160512                 1.0        12.9000      10.0
20160512                 2.0        11.1700      10.0
20160512                 3.0        10.8000      10.0
20160512                 4.0         9.5000      10.0
20160512                 5.0         8.5000      10.0
20160512                 6.0         7.6000      10.0
20160512                 7.0         6.8000      10.0
20160512                 8.0         6.4000      10.0
20160512                 9.0         6.3000      10.0
20160512                10.0         6.3000      10.0
20160512                11.0         6.2000      10.0
20160512                12.0         6.1000      10.0
20160512                13.0         5.7000      10.0
20160512                14.0         5.6000      10.0
20160512                15.0         5.2000      10.0
20160512                16.0         5.2000      10.0
20160512                17.0         5.1000      10.0
20160512                18.0         5.0000      10.0
20160512                19.0         4.9000      10.0
20160512                20.0         4.9000      10.0
20160512                25.0         4.8000      10.0
20160512                30.0         4.7000      10.0
20160512                35.0         4.7000      10.0
20160512                40.0         4.7000      10.0
20160512                45.0         4.7000      10.0
20160512                50.0         4.7000      10.0
20160512                55.0         4.6000      10.0
20160512                60.0         4.6000      10.0
20160512                65.0         4.6000      10.0
20160620                 0.0        14.6000      10.0
20160620                 1.0        14.6000      10.0
20160620                 2.0        14.6000      10.0
20160620                 3.0        14.5000      10.0
20160620                 4.0        14.5000      10.0
20160620                 5.0        14.1000      10.0
20160620                 6.0        13.3000      10.0
20160620                 7.0        11.5000      10.0
20160620                 8.0        10.3000      10.0
20160620                 9.0         9.3000      10.0
20160620                10.0         8.9000      10.0
20160620                11.0         8.5000      10.0
20160620                12.0         8.2000      10.0
20160620                13.0         7.8000      10.0
20160620                14.0         7.7000      10.0
20160620                15.0         7.3000      10.0
20160620                16.0         7.2000      10.0
20160620                17.0         7.0000      10.0
20160620                18.0         6.7000      10.0
20160620                19.0         6.5000      10.0
20160620                20.0         6.3000      10.0
20160620                25.0         5.6000      10.0
20160620                30.0         5.1000      10.0
20160620                35.0         5.0000      10.0
20160620                40.0         4.9000      10.0
20160620                45.0         4.8000      10.0
20160620                50.0         4.8000      10.0
20160620                55.0         4.8000      10.0
20160620                60.0         4.7000      10.0
20160620                65.0         4.7000      10.0
20160712                 0.0        17.7000      10.0
20160712                 1.0        17.6000      10.0
20160712                 2.0        17.6000      10.0
20160712                 3.0        17.5000      10.0
20160712                 4.0        17.3000      10.0
20160712                 5.0        17.0000      10.0
20160712                 6.0        16.1000      10.0
20160712                 7.0        15.6000      10.0
20160712                 8.0        14.5000      10.0
20160712                 9.0        11.5000      10.0
20160712                10.0         9.3000      10.0
20160712                11.0         8.3000      10.0
20160712                12.0         7.9000      10.0
20160712                13.0         7.6000      10.0
20160712                14.0         7.4000      10.0
20160712                15.0         7.1000      10.0
20160712                16.0         6.8000      10.0
20160712                17.0         6.7000      10.0
20160712                18.0         6.5000      10.0
20160712                19.0         6.3000      10.0
20160712                20.0         6.1000      10.0
20160712                25.0         5.6000      10.0
20160712                30.0         5.2000      10.0
20160712                35.0         5.0000      10.0
20160712                40.0         5.0000      10.0
20160712                45.0         4.9000      10.0
20160712                50.0         4.9000      10.0
20160712                55.0         4.8000      10.0
20160712                60.0         4.8000      10.0
20160712                65.0         4.8000      10.0
20160815                 0.0        16.8000      10.0
20160815                 1.0        16.7000      10.0
20160815                 2.0        16.7000      10.0
20160815                 3.0        16.6000      10.0
20160815                 4.0        16.6000      10.0
20160815                 5.0        16.6000      10.0
20160815                 6.0        16.6000      10.0
20160815                 7.0        16.6000      10.0
20160815                 8.0        16.4000      10.0
20160815                 9.0        13.7000      10.0
20160815                10.0        10.2000      10.0
20160815                11.0         9.2000      10.0
20160815                12.0         8.6000      10.0
20160815                13.0         8.4000      10.0
20160815                14.0         8.1000      10.0
20160815                15.0         7.7000      10.0
20160815                16.0         7.5000      10.0
20160815                17.0         7.0000      10.0
20160815                18.0         6.8000      10.0
20160815                19.0         6.6000      10.0
20160815                20.0         6.4000      10.0
20160815                25.0         5.8000      10.0
20160815                30.0         5.4000      10.0
20160815                35.0         5.2000      10.0
20160815                40.0         5.1000      10.0
20160815                45.0         5.1000      10.0
20160815                50.0         5.0000      10.0
20160815                55.0         5.0000      10.0
20160815                60.0         4.9000      10.0
20160815                65.0         4.9000      10.0
20160912                 0.0        15.5000      10.0
20160912                 1.0        15.5000      10.0
20160912                 2.0        15.5000      10.0
20160912                 3.0        15.5000      10.0
20160912                 4.0        15.5000      10.0
20160912                 5.0        15.5000      10.0
20160912                 6.0        15.5000      10.0
20160912                 7.0        15.4000      10.0
20160912                 8.0        15.4000      10.0
20160912                 9.0        15.3000      10.0
20160912                10.0        14.7000      10.0
20160912                11.0        14.0100      10.0
20160912                12.0        12.2000      10.0
20160912                13.0        11.4000      10.0
20160912                14.0         9.9000      10.0
20160912                15.0         8.1000      10.0
20160912                16.0         7.8000      10.0
20160912                17.0         7.5000      10.0
20160912                18.0         7.0000      10.0
20160912                19.0         6.8000      10.0
20160912                20.0         6.7000      10.0
20160912                25.0         5.9000      10.0
20160912                30.0         5.3000      10.0
20160912                35.0         5.2000      10.0
20160912                40.0         5.1000      10.0
20160912                45.0         5.1000      10.0
20160912                50.0         5.0000      10.0
20160912                55.0         5.0000      10.0
20160912                60.0         5.0000      10.0
20160912                65.0         5.0000      10.0
20161011                 0.0         9.3000      10.0
20161011                 1.0         9.3000      10.0
20161011                 2.0         9.3000      10.0
20161011                 3.0         9.3000      10.0
20161011                 4.0         9.3000      10.0
20161011                 5.0         9.3000      10.0
20161011                 6.0         9.3000      10.0
20161011                 7.0         9.3000      10.0
20161011                 8.0         9.3000      10.0
20161011                 9.0         9.3000      10.0
20161011                10.0         9.2000      10.0
20161011                11.0         9.2000      10.0
20161011                12.0         9.1000      10.0
20161011                13.0         9.1000      10.0
20161011                14.0         9.0000      10.0
20161011                15.0         9.0000      10.0
20161011                16.0         9.0000      10.0
20161011                17.0         9.0000      10.0
20161011                18.0         8.9000      10.0
20161011                19.0         8.9000      10.0
20161011                20.0         8.7000      10.0
20161011                25.0         6.0000      10.0
20161011                30.0         5.4000      10.0
20161011                35.0         5.3000      10.0
20161011                40.0         5.2000      10.0
20161011                45.0         5.1000      10.0
20161011                50.0         5.1000      10.0
20161011                55.0         5.0000      10.0
20161011                60.0         5.0000      10.0
20161011                65.0         5.0000      10.0
20161115                 0.0         3.1000      10.0
20161115                 1.0         3.1000      10.0
20161115                 2.0         3.1000      10.0
20161115                 3.0         3.1000      10.0
20161115                 4.0         3.1000      10.0
20161115                 5.0         3.1000      10.0
20161115                 6.0         3.1000      10.0
20161115                 7.0         3.1000      10.0
20161115                 8.0         3.1000      10.0
20161115                 9.0         3.1000      10.0
20161115                10.0         3.1000      10.0
20161115                11.0         3.2000      10.0
20161115                12.0         3.2000      10.0
20161115                13.0         3.3000      10.0
20161115                14.0         3.3000      10.0
20161115                15.0         3.3000      10.0
20161115                16.0         3.3000      10.0
20161115                17.0         3.3000      10.0
20161115                18.0         3.4000      10.0
20161115                19.0         3.4000      10.0
20161115                20.0         3.4000      10.0
20161115                25.0         3.5000      10.0
20161115                30.0         3.5000      10.0
20161115                35.0         3.5000      10.0
20161115                40.0         3.6000      10.0
20161115                45.0         3.6000      10.0
20161115                50.0         3.6000      10.0
20161115                55.0         3.6000      10.0
20161115                60.0         3.6000      10.0
20161115                65.0         3.6000      10.0
